0 0 5 3 0 1 4 2 6 5 7
0 1 10 0 3 1 4 2 6 5 7
0 1 10 3 1 0 4 2 6 5 7
0 1 11 3 6 1 4 2 0 5 7
0 2 15 2 3 1 4 0 6 5 7
0 2 15 3 1 5 4 2 6 0 7
0 2 15 4 3 1 0 2 6 5 7
0 2 15 6 3 1 4 2 0 5 7
0 2 15 7 3 1 4 2 6 5 0
0 2 16 3 1 4 0 2 6 5 7
0 2 17 3 6 1 4 0 2 5 7
0 2 17 3 6 1 4 2 5 0 7
0 3 19 3 1 5 4 2 0 6 7
0 3 19 3 1 5 4 2 6 7 0
0 3 19 4 3 1 7 2 6 5 0
0 3 20 4 3 0 1 2 6 5 7
0 3 20 4 3 1 5 2 6 0 7
0 3 20 6 3 1 4 2 5 0 7
0 3 20 7 3 0 4 2 6 5 1
0 3 20 7 3 1 0 2 6 5 4
0 3 20 7 3 1 4 0 6 5 2
0 3 20 7 3 1 4 2 6 0 5
0 3 21 2 3 1 0 4 6 5 7
0 3 21 2 3 1 4 6 0 5 7
0 3 21 3 1 4 7 2 6 5 0
0 3 21 4 3 1 2 0 6 5 7
0 3 21 6 0 1 4 2 3 5 7
0 3 21 6 3 1 4 0 2 5 7
0 3 22 0 1 4 3 2 6 5 7
0 3 22 3 1 4 2 0 6 5 7
0 3 22 3 1 4 5 2 6 0 7
0 3 22 3 6 1 4 2 5 7 0
0 4 23 0 1 5 4 2 6 7 3
0 4 23 0 3 1 7 2 6 5 4
0 3 23 0 6 1 4 3 2 5 7
0 3 23 3 0 1 4 6 2 5 7
0 4 23 3 0 5 4 2 1 6 7
0 4 23 3 1 0 4 2 6 7 5
0 4 23 3 1 5 4 0 6 7 2
0 3 23 3 6 0 4 2 5 1 7
0 3 23 3 6 1 4 7 2 5 0
0 4 23 4 3 0 7 2 6 5 1
0 4 23 4 3 1 7 2 6 0 5
0 4 24 3 1 5 0 2 6 7 4
0 4 24 3 1 5 4 0 2 6 7
0 3 24 3 6 1 0 4 2 5 7
0 4 24 4 3 1 5 2 0 6 7
0 4 24 4 3 1 7 0 6 5 2
0 4 24 4 3 5 1 2 6 0 7
0 4 24 7 0 3 4 2 6 5 1
0 4 24 7 3 1 4 2 0 6 5
0 4 24 7 3 5 4 2 6 0 1
0 4 25 4 0 3 1 2 6 5 7
0 4 25 4 3 0 5 2 6 1 7
0 4 25 4 3 1 5 2 6 7 0
0 4 25 6 3 0 4 2 5 1 7
0 4 25 6 3 1 4 2 5 7 0
0 4 25 7 0 1 4 3 6 5 2
0 4 25 7 3 0 1 2 6 5 4
0 4 25 7 3 0 4 2 6 1 5
0 4 25 7 3 1 5 2 6 0 4
0 4 25 7 3 4 0 2 6 5 1
0 4 26 0 1 4 7 2 6 5 3
0 5 26 0 3 5 4 2 1 6 7
0 5 26 1 0 5 4 2 6 7 3
0 4 26 2 3 1 7 4 6 5 0
0 4 26 3 1 0 7 2 6 5 4
0 4 26 3 1 4 7 2 6 0 5
0 5 26 4 3 1 7 2 0 6 5
0 5 26 4 3 5 7 2 6 0 1
0 4 26 7 3 1 0 4 6 5 2
0 4 26 7 3 1 2 0 6 5 4
0 4 26 7 3 1 4 6 0 5 2
0 5 27 0 1 5 4 3 6 7 2
0 4 27 0 3 1 2 4 6 5 7
0 4 27 0 3 1 4 6 2 5 7
0 4 27 0 6 1 4 2 3 5 7
0 4 27 0 6 1 4 2 5 7 3
0 4 27 1 0 4 3 2 6 5 7
0 4 27 2 0 1 4 6 3 5 7
0 5 27 2 1 5 4 0 6 7 3
0 4 27 2 3 0 1 4 6 5 7
0 4 27 2 3 1 4 6 5 0 7
0 4 27 2 3 1 5 4 6 0 7
0 5 27 3 0 1 4 2 6 7 5
0 5 27 3 0 5 4 1 6 7 2
0 4 27 3 1 4 5 2 0 6 7
0 4 27 3 1 4 5 2 6 7 0
0 4 27 3 1 4 7 0 6 5 2
0 4 27 3 6 0 4 2 5 7 1
0 4 27 3 6 1 4 0 5 7 2
0 4 27 4 0 1 2 3 6 5 7
0 5 27 4 3 0 7 2 6 1 5
0 4 27 4 3 1 2 6 0 5 7
0 4 27 4 3 1 2 7 6 5 0
0 5 27 4 3 5 1 2 0 6 7
0 4 27 6 0 1 4 3 2 5 7
0 4 27 6 1 0 4 2 3 5 7
0 4 27 6 3 1 0 4 2 5 7
0 4 27 6 3 1 4 7 2 5 0
0 5 27 6 3 1 7 2 0 5 4
0 5 27 7 3 5 4 2 0 6 1
0 4 28 0 1 4 2 3 6 5 7
0 5 28 0 7 3 4 2 6 5 1
0 6 28 1 3 5 4 2 0 6 7
0 4 28 2 1 4 3 0 6 5 7
0 5 28 3 0 1 7 2 6 5 4
0 4 28 3 0 4 2 1 6 5 7
0 4 28 3 1 0 5 2 6 4 7
0 5 28 3 1 4 0 2 6 7 5
0 4 28 3 1 4 2 7 6 5 0
0 5 28 3 1 5 0 4 6 7 2
0 5 28 3 1 5 4 6 0 7 2
0 5 28 3 1 5 7 2 6 0 4
0 5 28 3 1 7 4 2 6 0 5
0 5 28 3 5 0 4 2 1 6 7
0 4 28 3 6 1 0 2 5 7 4
0 5 28 4 0 3 7 2 6 5 1
0 5 28 4 1 5 0 2 6 7 3
0 5 28 4 3 5 1 2 6 7 0
0 6 28 4 3 5 7 2 0 6 1
0 5 28 4 3 7 0 2 6 5 1
0 4 28 6 1 4 3 2 0 5 7
0 5 28 6 1 5 4 2 0 7 3
0 4 28 7 1 4 3 2 6 5 0
0 5 28 7 3 5 4 2 6 1 0
0 5 29 0 1 5 3 2 6 7 4
0 5 29 0 1 5 4 3 2 6 7
0 5 29 0 3 4 7 2 6 5 1
0 4 29 0 6 1 4 7 2 5 3
0 6 29 1 5 0 4 2 6 7 3
0 5 29 3 0 5 4 1 2 6 7
0 4 29 3 0 6 4 2 5 1 7
0 4 29 3 1 0 4 6 2 5 7
0 5 29 3 1 0 5 2 6 7 4
0 4 29 3 1 4 2 6 0 5 7
0 5 29 3 1 5 0 4 2 6 7
0 5 29 3 1 5 2 0 6 7 4
0 5 29 3 1 5 4 7 2 6 0
0 4 29 3 6 0 4 7 2 5 1
0 4 29 3 6 1 4 7 2 0 5
0 4 29 3 6 4 0 2 5 1 7
0 5 29 4 0 1 5 2 3 6 7
0 5 29 4 3 1 5 0 2 6 7
0 5 29 4 3 1 7 6 0 5 2
0 6 29 4 3 5 0 2 1 6 7
0 5 29 4 3 5 0 2 6 1 7
0 6 29 4 3 5 7 2 6 1 0
0 5 29 7 0 1 4 2 3 6 5
0 5 29 7 0 3 4 2 6 1 5
0 5 29 7 3 1 4 0 2 6 5
0 5 29 7 3 1 5 2 0 6 4
0 5 29 7 3 5 1 2 6 0 4
0 6 29 7 3 5 4 2 1 6 0
0 4 29 7 6 1 4 3 2 5 0
0 5 29 7 6 3 4 2 0 5 1
0 5 30 0 3 1 4 2 5 7 6
0 5 30 0 3 1 5 2 6 7 4
0 5 30 0 4 3 1 2 6 5 7
0 5 30 0 7 1 4 3 6 5 2
0 5 30 1 0 4 7 2 6 5 3
0 6 30 1 0 5 4 3 6 7 2
0 6 30 1 6 5 4 2 0 7 3
0 6 30 2 3 5 4 0 1 6 7
0 5 30 3 1 4 7 2 0 6 5
0 4 30 3 6 1 0 7 2 5 4
0 4 30 3 6 1 7 4 2 5 0
0 6 30 4 0 1 7 2 3 6 5
0 5 30 4 0 1 7 3 6 5 2
0 5 30 4 0 3 5 2 6 1 7
0 5 30 4 3 0 5 2 6 7 1
0 5 30 4 3 1 0 2 6 7 5
0 5 30 4 3 1 5 0 6 7 2
0 6 30 4 3 1 7 0 2 6 5
0 4 30 4 6 1 0 3 2 5 7
0 5 30 6 0 3 4 2 5 1 7
0 5 30 6 3 0 4 2 5 7 1
0 5 30 6 3 1 0 2 5 7 4
0 5 30 6 3 1 4 0 5 7 2
0 5 30 6 3 4 0 2 5 1 7
0 5 30 7 0 3 1 2 6 5 4
0 5 30 7 1 0 4 3 6 5 2
0 5 30 7 3 0 5 2 6 1 4
0 5 30 7 3 1 5 2 6 4 0
0 5 30 7 3 4 0 2 6 1 5
0 5 30 7 3 4 1 2 6 5 0
0 5 30 7 3 4 5 2 6 0 1
0 6 31 0 3 1 4 2 6 7 5
0 6 31 0 3 5 4 1 6 7 2
0 4 31 0 6 1 3 4 2 5 7
0 7 31 1 0 5 4 2 3 6 7
0 7 31 1 3 5 4 0 2 6 7
0 7 31 1 3 5 4 2 6 0 7
0 6 31 1 7 3 4 2 6 5 0
0 6 31 2 0 5 4 1 6 7 3
0 5 31 2 3 0 7 4 6 5 1
0 5 31 2 3 1 7 4 6 0 5
0 5 31 3 1 0 7 2 6 4 5
0 6 31 3 1 5 7 2 0 6 4
0 6 31 3 5 0 4 1 6 7 2
0 4 31 3 6 0 1 4 2 5 7
0 5 31 3 6 1 4 5 0 7 2
0 4 31 3 6 1 5 4 2 0 7
0 6 31 4 0 5 1 2 3 6 7
0 7 31 4 0 5 7 2 3 6 1
0 6 31 4 3 5 1 0 2 6 7
0 7 31 4 3 5 7 0 2 6 1
0 7 31 4 3 5 7 2 1 6 0
0 5 31 4 6 3 1 2 0 5 7
0 5 31 6 1 4 7 2 0 5 3
0 6 31 6 3 1 7 2 5 0 4
0 6 31 7 0 5 4 2 3 6 1
0 5 31 7 3 4 2 0 6 5 1
0 6 31 7 3 5 4 0 2 6 1
0 5 31 7 6 1 4 3 0 5 2
0 5 32 0 1 4 5 2 6 7 3
0 5 32 0 2 1 4 6 3 5 7
0 6 32 0 3 5 1 2 6 7 4
0 6 32 0 3 5 4 2 6 1 7
0 7 32 0 3 5 7 2 6 1 4
0 5 32 0 6 1 4 3 5 7 2
0 6 32 1 3 4 7 2 6 5 0
0 5 32 1 4 0 3 2 6 5 7
0 5 32 1 6 4 3 2 0 5 7
0 5 32 2 0 3 1 4 6 5 7
0 5 32 2 1 4 7 0 6 5 3
0 6 32 2 1 5 0 4 6 7 3
0 6 32 2 1 5 4 6 0 7 3
0 5 32 2 3 1 4 6 5 7 0
0 5 32 2 3 1 5 4 0 6 7
0 5 32 2 3 1 5 4 6 7 0
0 5 32 2 3 5 1 4 6 0 7
0 5 32 2 6 1 4 0 5 7 3
0 6 32 2 7 3 4 0 6 5 1
0 5 32 3 0 1 4 6 5 7 2
0 5 32 3 0 4 5 2 1 6 7
0 5 32 3 0 6 4 2 5 7 1
0 5 32 3 1 4 5 0 6 7 2
0 6 32 3 1 5 7 2 6 4 0
0 5 32 3 1 7 0 2 6 5 4
0 6 32 3 6 1 4 2 0 7 5
0 6 32 3 6 5 4 1 0 7 2
0 6 32 4 0 3 7 2 6 1 5
0 6 32 4 1 5 0 3 6 7 2
0 6 32 4 1 5 7 2 6 0 3
0 6 32 4 3 5 0 2 6 7 1
0 6 32 4 3 7 0 2 6 1 5
0 5 32 5 6 1 4 2 0 7 3
0 5 32 6 0 1 4 2 5 7 3
0 6 32 6 0 1 7 2 3 5 4
0 5 32 6 1 5 4 2 3 0 7
0 6 32 6 1 5 4 3 0 7 2
0 6 32 6 3 1 7 0 2 5 4
0 5 32 6 3 1 7 4 2 5 0
0 5 32 7 0 1 2 3 6 5 4
0 5 32 7 0 1 4 6 3 5 2
0 5 32 7 1 4 0 2 6 5 3
0 5 32 7 3 0 1 4 6 5 2
0 5 32 7 3 1 2 4 6 5 0
0 5 32 7 3 1 2 6 0 5 4
0 5 32 7 3 1 4 6 5 0 2
0 5 32 7 3 1 5 4 6 0 2
0 7 32 7 3 5 0 2 1 6 4
0 6 32 7 3 5 0 2 6 1 4
0 6 32 7 3 5 1 2 0 6 4
0 6 33 0 1 4 3 2 6 7 5
0 5 33 0 1 4 7 3 6 5 2
0 6 33 0 1 5 3 4 6 7 2
0 5 33 0 3 1 4 7 2 5 6
0 5 33 0 3 1 6 4 2 5 7
0 6 33 0 3 5 4 1 2 6 7
0 8 33 0 3 5 7 2 1 6 4
0 6 33 0 3 7 4 2 6 5 1
0 5 33 0 4 1 2 3 6 5 7
0 6 33 0 4 3 7 2 6 5 1
0 6 33 0 7 3 4 2 6 1 5
0 5 33 1 0 4 2 3 6 5 7
0 6 33 1 0 5 3 2 6 7 4
0 6 33 1 0 5 4 3 2 6 7
0 7 33 1 5 0 4 3 6 7 2
0 7 33 1 5 4 0 2 6 7 3
0 7 33 1 5 7 4 2 6 0 3
0 5 33 2 1 0 4 6 3 5 7
0 5 33 2 3 0 4 6 5 1 7
0 5 33 2 3 0 5 4 6 1 7
0 5 33 3 0 1 2 4 6 5 7
0 5 33 3 0 4 7 1 6 5 2
0 6 33 3 0 5 4 6 1 7 2
0 6 33 3 1 0 5 4 6 7 2
0 5 33 3 1 4 0 7 6 5 2
0 6 33 3 1 4 2 0 6 7 5
0 5 33 3 1 4 5 0 2 6 7
0 5 33 3 1 4 7 6 0 5 2
0 5 33 3 1 5 0 2 6 4 7
0 6 33 3 1 5 2 4 6 7 0
0 6 33 3 1 5 7 4 2 6 0
0 6 33 3 1 5 7 4 6 0 2
0 6 33 3 1 7 4 2 0 6 5
0 6 33 3 1 7 4 2 6 5 0
0 6 33 3 5 4 0 2 1 6 7
0 5 33 3 6 1 0 4 5 7 2
0 6 33 3 6 1 7 2 0 5 4
0 5 33 3 6 1 7 2 5 0 4
0 5 33 3 6 4 0 2 5 7 1
0 5 33 3 6 7 4 2 5 0 1
0 5 33 4 1 0 2 3 6 5 7
0 6 33 4 1 0 5 2 6 7 3
0 6 33 4 1 5 2 0 6 7 3
0 6 33 4 1 5 3 2 6 7 0
0 6 33 4 3 0 1 2 6 7 5
0 5 33 4 3 0 2 7 6 5 1
0 7 33 4 3 0 5 2 1 6 7
0 5 33 4 3 1 0 6 2 5 7
0 5 33 4 3 1 2 6 5 0 7
0 5 33 4 3 1 2 7 6 0 5
0 6 33 4 3 5 1 0 6 7 2
0 7 33 4 3 5 2 0 1 6 7
0 7 33 4 3 5 6 2 1 0 7
0 7 33 4 3 5 7 0 6 1 2
0 6 33 4 3 7 1 2 6 5 0
0 6 33 4 3 7 5 2 6 0 1
0 5 33 4 6 1 0 2 3 5 7
0 5 33 4 6 1 0 2 5 7 3
0 6 33 4 6 3 7 2 0 5 1
0 6 33 4 7 3 0 2 6 5 1
0 6 33 6 0 5 4 2 1 7 3
0 5 33 6 1 0 4 3 2 5 7
0 5 33 6 1 4 0 2 3 5 7
0 6 33 6 1 5 4 0 2 7 3
0 6 33 6 1 5 4 2 7 0 3
0 5 33 6 3 0 1 4 2 5 7
0 5 33 6 3 0 4 7 2 5 1
0 5 33 6 3 1 0 7 2 5 4
0 5 33 6 3 1 2 4 0 5 7
0 5 33 6 3 1 4 7 2 0 5
0 5 33 6 3 1 5 4 2 0 7
0 6 33 6 3 4 7 2 0 5 1
0 6 33 6 7 3 4 2 0 5 1
0 7 33 7 3 0 4 2 1 6 5
0 5 33 7 3 1 4 6 2 5 0
0 6 33 7 3 5 1 2 6 4 0
0 7 33 7 3 5 4 0 1 6 2
0 6 33 7 3 5 4 0 6 1 2
0 7 33 7 3 5 4 2 1 0 6
0 5 33 7 6 1 4 2 3 5 0
0 5 34 0 1 4 2 7 6 5 3
0 6 34 0 1 5 2 3 6 7 4
0 6 34 0 1 5 3 4 2 6 7
0 6 34 0 1 5 4 7 2 6 3
0 7 34 0 2 5 4 1 6 7 3
0 6 34 0 3 1 4 7 2 6 5
0 6 34 0 3 1 5 4 2 6 7
0 7 34 0 3 1 7 4 2 6 5
0 5 34 0 3 4 2 1 6 5 7
0 6 34 0 3 4 7 2 6 1 5
0 8 34 0 3 5 7 4 2 6 1
0 5 34 0 3 6 4 2 5 1 7
0 6 34 0 4 1 5 2 3 6 7
0 7 34 0 4 1 7 2 3 6 5
0 8 34 0 4 5 7 2 3 6 1
0 5 34 0 6 1 3 2 5 7 4
0 6 34 0 7 1 4 2 3 6 5
0 8 34 1 3 5 0 4 2 6 7
0 7 34 1 3 5 4 0 6 7 2
0 8 34 1 3 5 4 2 6 7 0
0 8 34 1 3 5 4 7 2 6 0
0 9 34 1 3 5 7 2 0 6 4
0 6 34 1 4 0 7 2 6 5 3
0 6 34 1 4 3 0 2 6 5 7
0 6 34 1 6 4 7 2 0 5 3
0 7 34 1 6 5 4 0 2 7 3
0 7 34 1 6 5 4 2 7 0 3
0 7 34 1 6 5 4 3 0 7 2
0 7 34 1 7 3 4 0 6 5 2
0 7 34 1 7 3 4 2 6 0 5
0 5 34 2 0 4 3 1 6 5 7
0 5 34 2 1 4 3 7 6 5 0
0 6 34 2 1 5 3 0 6 7 4
0 7 34 2 3 5 0 4 1 6 7
0 7 34 2 3 5 4 1 0 6 7
0 7 34 2 3 5 4 7 1 6 0
0 6 34 3 0 1 4 5 6 7 2
0 5 34 3 0 1 5 2 6 4 7
0 6 34 3 0 1 5 2 6 7 4
0 6 34 3 0 4 7 2 1 6 5
0 6 34 3 0 4 7 2 6 5 1
0 6 34 3 0 5 2 1 6 7 4
0 7 34 3 0 5 7 2 1 6 4
0 5 34 3 1 0 2 7 6 5 4
0 5 34 3 1 4 2 7 6 0 5
0 6 34 3 1 5 0 7 2 6 4
0 6 34 3 1 5 4 6 7 0 2
0 6 34 3 2 5 4 1 0 6 7
0 5 34 3 4 0 2 1 6 5 7
0 6 34 3 5 6 4 2 1 0 7
0 5 34 3 6 0 1 2 5 7 4
0 5 34 3 6 1 2 0 5 7 4
0 5 34 3 6 4 7 2 5 1 0
0 5 34 4 0 1 2 6 3 5 7
0 6 34 4 0 3 5 2 6 7 1
0 6 34 4 1 0 5 2 3 6 7
0 7 34 4 1 0 7 2 3 6 5
0 6 34 4 1 5 0 3 2 6 7
0 8 34 4 3 0 7 2 1 6 5
0 6 34 4 3 1 0 5 2 6 7
0 6 34 4 3 1 0 5 6 7 2
0 6 34 4 3 1 5 7 2 6 0
0 7 34 4 3 1 7 5 2 6 0
0 6 34 4 3 1 7 6 5 0 2
0 6 34 4 3 5 2 0 6 1 7
0 8 34 4 3 5 7 0 1 6 2
0 8 34 4 3 5 7 1 2 6 0
0 8 34 4 3 5 7 2 1 0 6
0 6 34 4 3 7 2 0 6 5 1
0 5 34 4 6 1 2 3 0 5 7
0 6 34 6 0 3 4 2 5 7 1
0 5 34 6 0 4 3 2 1 5 7
0 5 34 6 1 4 3 2 5 0 7
0 6 34 6 1 5 3 2 0 7 4
0 6 34 6 3 1 4 5 0 7 2
0 6 34 6 3 4 7 2 5 1 0
0 6 34 7 0 1 5 2 3 6 4
0 5 34 7 1 0 3 2 6 5 4
0 6 34 7 1 0 4 2 3 6 5
0 5 34 7 1 4 2 3 6 5 0
0 5 34 7 1 4 3 0 6 5 2
0 5 34 7 1 4 3 2 6 0 5
0 6 34 7 1 5 4 3 2 6 0
0 6 34 7 3 1 0 4 2 6 5
0 6 34 7 3 1 4 5 2 6 0
0 6 34 7 3 1 5 0 2 6 4
0 6 34 7 3 4 5 2 0 6 1
0 6 34 7 6 3 4 0 2 5 1
0 6 34 7 6 3 4 2 0 1 5
0 6 34 7 6 3 4 2 5 0 1
0 8 35 0 1 5 4 2 3 6 7
0 6 35 0 3 1 4 6 5 7 2
0 6 35 0 3 1 5 2 6 4 7
0 6 35 0 3 1 5 4 6 7 2
0 6 35 0 3 1 6 2 5 7 4
0 6 35 0 3 4 1 2 6 5 7
0 6 35 0 3 4 6 2 5 1 7
0 7 35 0 3 5 1 4 2 6 7
0 7 35 0 3 5 4 7 2 6 1
0 6 35 0 4 3 5 2 6 1 7
0 7 35 0 4 5 1 2 3 6 7
0 6 35 0 6 3 4 2 5 1 7
0 5 35 0 6 4 3 2 5 1 7
0 6 35 0 7 3 1 2 6 5 4
0 7 35 0 7 5 4 2 3 6 1
0 8 35 1 3 0 4 2 6 5 7
0 7 35 1 3 0 7 2 6 5 4
0 7 35 1 3 4 7 2 6 0 5
0 7 35 1 3 5 0 2 6 7 4
0 8 35 1 5 0 4 2 3 6 7
0 7 35 1 7 0 4 2 6 5 3
0 7 35 1 7 3 0 2 6 5 4
0 5 35 2 1 4 3 6 0 5 7
0 6 35 2 3 1 4 0 5 7 6
0 7 35 2 3 1 4 0 6 7 5
0 6 35 2 3 1 5 0 6 7 4
0 6 35 2 3 1 7 4 0 6 5
0 7 35 2 3 5 4 1 6 7 0
0 6 35 2 3 5 7 4 6 0 1
0 6 35 2 4 3 1 0 6 5 7
0 7 35 2 5 0 4 1 6 7 3
0 5 35 2 6 1 4 7 0 5 3
0 6 35 2 7 1 4 3 6 5 0
0 6 35 3 0 1 4 2 5 7 6
0 5 35 3 0 6 4 7 2 5 1
0 6 35 3 1 0 4 7 2 6 5
0 6 35 3 1 0 5 4 2 6 7
0 6 35 3 1 4 7 0 2 6 5
0 6 35 3 1 5 2 6 0 7 4
0 5 35 3 1 5 4 6 2 0 7
0 6 35 3 1 5 4 7 2 0 6
0 6 35 3 1 5 6 4 2 0 7
0 7 35 3 1 5 7 0 2 6 4
0 6 35 3 1 7 5 2 6 0 4
0 6 35 3 5 0 4 1 2 6 7
0 5 35 3 5 6 4 2 0 1 7
0 5 35 3 6 0 4 7 2 1 5
0 5 35 3 6 1 4 7 0 2 5
0 5 35 3 6 4 1 2 5 0 7
0 5 35 3 6 4 2 1 0 5 7
0 5 35 3 6 5 4 7 2 0 1
0 6 35 3 7 1 4 0 6 5 2
0 6 35 4 0 1 5 3 2 6 7
0 6 35 4 0 1 5 3 6 7 2
0 7 35 4 0 1 7 3 2 6 5
0 6 35 4 0 1 7 6 3 5 2
0 8 35 4 0 5 7 3 2 6 1
0 7 35 4 1 5 7 2 0 6 3
0 6 35 4 3 1 0 2 5 7 6
0 7 35 4 3 1 0 7 2 6 5
0 6 35 4 3 1 2 0 6 7 5
0 7 35 4 3 5 0 1 2 6 7
0 8 35 4 3 5 0 7 2 6 1
0 7 35 4 3 5 1 7 2 6 0
0 8 35 4 5 0 7 2 3 6 1
0 6 35 5 3 1 0 2 6 7 4
0 6 35 5 3 1 4 2 0 7 6
0 7 35 5 3 1 4 2 6 7 0
0 6 35 6 0 1 4 3 5 7 2
0 5 35 6 0 1 4 7 2 5 3
0 5 35 6 1 4 2 3 0 5 7
0 5 35 6 1 4 3 0 2 5 7
0 6 35 6 3 0 1 2 5 7 4
0 7 35 6 3 0 7 2 5 1 4
0 6 35 6 3 1 5 2 0 7 4
0 7 35 6 3 1 7 2 5 4 0
0 6 35 6 3 4 0 2 5 7 1
0 6 35 6 3 4 1 2 5 0 7
0 8 35 6 3 5 7 2 0 1 4
0 6 35 6 3 7 4 2 5 0 1
0 6 35 6 5 3 4 2 0 1 7
0 6 35 7 0 1 4 3 2 6 5
0 6 35 7 0 3 5 2 6 1 4
0 6 35 7 1 5 4 3 6 0 2
0 6 35 7 3 0 5 2 6 4 1
0 6 35 7 3 1 0 2 6 4 5
0 6 35 7 3 4 1 2 6 0 5
0 6 35 7 3 4 5 2 6 1 0
0 7 35 7 3 5 0 4 2 6 1
0 7 35 7 3 5 4 1 2 6 0
0 6 35 7 4 3 1 2 6 5 0
0 5 35 7 6 0 4 3 2 5 1
0 5 35 7 6 1 4 0 2 5 3
0 5 35 7 6 1 4 3 2 0 5
0 7 36 0 1 5 7 2 6 4 3
0 6 36 0 2 3 1 4 6 5 7
0 6 36 0 3 4 5 2 1 6 7
0 7 36 0 3 5 4 2 6 7 1
0 6 36 0 4 1 7 3 6 5 2
0 5 36 0 6 1 7 4 2 5 3
0 6 36 1 0 4 5 2 6 7 3
0 10 36 1 0 5 7 2 3 6 4
0 8 36 1 2 5 4 0 6 7 3
0 7 36 1 3 4 0 2 6 5 7
0 7 36 1 3 4 7 0 6 5 2
0 10 36 1 3 5 7 0 2 6 4
0 10 36 1 3 5 7 2 6 0 4
0 9 36 1 3 5 7 4 2 6 0
0 6 36 1 4 5 3 2 6 0 7
0 9 36 1 4 5 7 2 3 6 0
0 6 36 2 0 3 7 4 6 5 1
0 6 36 2 3 0 7 4 6 1 5
0 6 36 2 3 1 5 0 4 6 7
0 6 36 2 3 5 1 4 0 6 7
0 9 36 2 3 5 7 0 1 6 4
0 8 36 2 3 5 7 0 6 1 4
0 6 36 2 6 1 4 5 0 7 3
0 7 36 2 6 5 4 1 0 7 3
0 7 36 2 7 3 4 1 6 5 0
0 6 36 3 0 1 7 2 6 4 5
0 5 36 3 0 4 2 6 1 5 7
0 8 36 3 0 5 7 2 6 1 4
0 6 36 3 1 4 0 5 6 7 2
0 5 36 3 1 4 0 6 2 5 7
0 5 36 3 1 4 2 6 5 0 7
0 7 36 3 5 4 0 1 6 7 2
0 7 36 3 5 7 4 1 6 0 2
0 5 36 3 6 0 7 4 2 5 1
0 6 36 3 6 1 4 5 7 0 2
0 5 36 3 6 1 7 0 2 5 4
0 5 36 3 6 1 7 4 2 0 5
0 5 36 3 6 4 0 7 2 5 1
0 5 36 3 6 4 2 0 5 1 7
0 7 36 4 0 5 1 3 2 6 7
0 6 36 4 1 0 7 3 6 5 2
0 7 36 4 1 5 7 2 6 3 0
0 6 36 4 3 1 5 6 0 7 2
0 7 36 4 3 5 0 1 6 7 2
0 7 36 4 5 0 1 2 3 6 7
0 5 36 4 6 1 0 7 2 5 3
0 6 36 4 6 1 7 3 0 5 2
0 5 36 4 6 1 7 3 2 5 0
0 6 36 4 6 3 5 2 0 1 7
0 6 36 4 7 1 0 3 6 5 2
0 6 36 5 0 1 4 2 6 7 3
0 6 36 6 0 4 7 2 1 5 3
0 6 36 6 1 4 7 2 5 0 3
0 6 36 6 3 1 0 4 5 7 2
0 6 36 6 3 1 2 0 5 7 4
0 7 36 6 3 1 4 2 0 7 5
0 6 36 6 3 4 2 0 5 1 7
0 7 36 6 3 5 1 2 0 7 4
0 7 36 6 3 5 4 1 0 7 2
0 7 36 6 3 5 4 2 0 1 7
0 6 36 6 4 3 1 2 0 5 7
0 6 36 6 7 1 4 3 0 5 2
0 7 36 7 0 5 1 2 3 6 4
0 7 36 7 0 5 4 3 2 6 1
0 6 36 7 1 4 0 3 6 5 2
0 8 36 7 3 0 5 2 1 6 4
0 6 36 7 3 1 5 0 6 4 2
0 6 36 7 3 4 1 0 6 5 2
0 6 36 7 3 4 2 0 6 1 5
0 7 36 7 3 5 1 0 2 6 4
0 8 36 7 3 5 2 0 1 6 4
0 8 36 7 3 5 6 2 1 0 4
0 7 36 7 5 0 4 2 3 6 1
0 5 36 7 6 1 0 3 2 5 4
0 6 36 7 6 3 1 2 0 5 4
0 6 37 0 1 4 5 3 6 7 2
0 7 37 0 1 5 2 4 6 7 3
0 7 37 0 1 5 7 4 2 6 3
0 7 37 0 3 1 4 5 6 7 2
0 6 37 0 3 1 7 4 2 5 6
0 7 37 0 3 1 7 6 2 5 4
0 7 37 0 3 4 7 2 1 6 5
0 7 37 0 3 5 1 2 6 4 7
0 8 37 0 3 5 2 4 1 6 7
0 8 37 0 3 5 4 7 1 6 2
0 9 37 0 3 5 7 1 2 6 4
0 9 37 0 3 5 7 4 1 6 2
0 8 37 0 3 5 7 4 6 1 2
0 6 37 0 3 6 4 2 5 7 1
0 7 37 0 3 7 4 2 6 1 5
0 7 37 0 4 3 7 2 6 1 5
0 5 37 0 6 1 3 7 2 5 4
0 7 37 0 6 1 7 2 3 5 4
0 8 37 1 0 3 4 7 6 5 2
0 7 37 1 0 4 3 2 6 7 5
0 7 37 1 0 5 3 4 6 7 2
0 7 37 1 2 5 4 3 0 6 7
0 9 37 1 3 0 4 2 6 7 5
0 8 37 1 3 4 7 2 0 6 5
0 9 37 1 3 5 0 7 2 6 4
0 7 37 1 3 7 4 2 6 5 0
0 7 37 1 4 3 7 2 6 5 0
0 7 37 1 4 5 7 2 6 0 3
0 7 37 1 5 0 3 2 6 7 4
0 8 37 1 5 4 0 3 6 7 2
0 8 37 1 5 4 2 0 6 7 3
0 8 37 1 5 4 3 2 6 7 0
0 8 37 1 5 4 7 2 6 0 3
0 8 37 1 5 7 4 2 0 6 3
0 8 37 1 5 7 4 2 6 3 0
0 8 37 1 5 7 4 3 6 0 2
0 6 37 1 6 4 3 2 5 0 7
0 7 37 1 6 5 3 2 0 7 4
0 6 37 2 0 1 4 6 5 7 3
0 7 37 2 0 5 4 6 1 7 3
0 7 37 2 1 0 5 4 6 7 3
0 6 37 2 1 4 5 0 6 7 3
0 7 37 2 1 5 3 4 6 7 0
0 7 37 2 1 5 7 4 6 0 3
0 6 37 2 3 0 4 6 5 7 1
0 6 37 2 3 0 5 4 6 7 1
0 6 37 2 3 1 0 4 6 7 5
0 7 37 2 3 5 1 0 6 7 4
0 6 37 2 3 5 1 4 6 7 0
0 9 37 2 3 5 7 4 0 6 1
0 8 37 2 3 5 7 4 1 6 0
0 6 37 2 3 7 0 4 6 5 1
0 7 37 2 7 3 0 4 6 5 1
0 7 37 2 7 3 4 0 6 1 5
0 7 37 2 7 3 4 6 0 5 1
0 6 37 3 0 4 5 1 6 7 2
0 7 37 3 0 5 1 2 6 7 4
0 7 37 3 0 5 4 2 6 1 7
0 7 37 3 1 0 4 5 6 7 2
0 6 37 3 1 0 4 6 5 7 2
0 7 37 3 1 4 2 5 6 7 0
0 7 37 3 1 5 7 0 6 4 2
0 7 37 3 1 5 7 4 0 6 2
0 6 37 3 1 7 0 2 6 4 5
0 8 37 3 2 5 4 1 6 7 0
0 6 37 3 4 0 5 2 1 6 7
0 9 37 3 4 5 7 2 0 6 1
0 6 37 3 5 1 4 6 0 7 2
0 7 37 3 5 4 7 2 1 6 0
0 6 37 3 5 6 4 2 0 7 1
0 5 37 3 6 0 1 7 2 5 4
0 7 37 3 6 1 4 0 2 7 5
0 5 37 3 6 1 5 4 2 7 0
0 5 37 3 6 1 5 7 2 0 4
0 5 37 3 6 5 1 4 2 0 7
0 7 37 3 6 5 4 0 1 7 2
0 7 37 4 0 3 1 2 6 7 5
0 7 37 4 1 0 5 3 6 7 2
0 7 37 4 1 0 7 2 6 5 3
0 7 37 4 1 5 2 3 6 7 0
0 7 37 4 1 5 3 0 6 7 2
0 7 37 4 1 5 7 3 6 0 2
0 7 37 4 3 5 2 0 6 7 1
0 8 37 4 3 5 2 1 0 6 7
0 8 37 4 3 5 2 7 1 6 0
0 8 37 4 3 5 6 2 0 1 7
0 8 37 4 3 5 6 2 1 7 0
0 9 37 4 3 5 7 1 0 6 2
0 9 37 4 3 5 7 2 0 1 6
0 8 37 4 3 5 7 6 0 1 2
0 7 37 4 3 7 1 2 6 0 5
0 7 37 4 3 7 5 2 0 6 1
0 7 37 4 3 7 5 2 6 1 0
0 5 37 4 6 0 1 3 2 5 7
0 5 37 4 6 1 3 0 2 5 7
0 5 37 4 6 1 5 3 2 0 7
0 6 37 4 6 3 1 0 2 5 7
0 6 37 4 6 3 1 2 5 0 7
0 7 37 4 6 3 7 2 0 1 5
0 6 37 5 1 4 0 2 6 7 3
0 6 37 5 6 1 4 0 2 7 3
0 6 37 5 6 1 4 3 0 7 2
0 7 37 5 7 3 4 2 6 1 0
0 7 37 6 0 5 4 3 1 7 2
0 6 37 6 1 0 4 2 5 7 3
0 7 37 6 1 0 7 2 3 5 4
0 6 37 6 1 4 7 0 2 5 3
0 7 37 6 1 5 4 0 3 7 2
0 6 37 6 1 5 4 2 0 3 7
0 6 37 6 1 5 4 2 3 7 0
0 6 37 6 3 0 7 4 2 5 1
0 6 37 6 3 1 7 4 2 0 5
0 7 37 6 3 4 7 2 5 0 1
0 6 37 6 5 1 4 2 0 7 3
0 6 37 7 0 3 1 4 6 5 2
0 6 37 7 0 4 2 3 6 5 1
0 6 37 7 2 1 4 6 3 5 0
0 6 37 7 3 1 5 4 0 6 2
0 8 37 7 3 4 0 2 1 6 5
0 6 37 7 3 4 2 1 6 5 0
0 6 37 7 3 4 2 6 0 5 1
0 7 37 7 3 5 0 2 6 4 1
0 8 37 7 3 5 0 4 1 6 2
0 6 37 7 3 5 1 4 6 0 2
0 7 37 7 3 5 2 0 6 1 4
0 8 37 7 3 5 4 1 0 6 2
0 8 37 7 3 5 4 2 0 1 6
0 6 37 7 6 1 4 0 3 5 2
0 6 37 7 6 1 4 3 5 0 2
0 7 38 0 1 4 2 3 6 7 5
0 6 38 0 1 5 3 2 6 4 7
0 7 38 0 1 5 4 6 2 7 3
0 6 38 0 1 7 3 2 6 5 4
0 7 38 0 1 7 4 2 6 5 3
0 8 38 0 3 1 7 5 2 6 4
0 6 38 0 3 4 7 1 6 5 2
0 7 38 0 3 4 7 2 5 1 6
0 7 38 0 3 5 1 4 6 7 2
0 7 38 0 3 5 4 6 1 7 2
0 7 38 0 3 7 1 2 6 5 4
0 7 38 0 4 3 5 2 6 7 1
0 8 38 0 5 4 1 2 6 7 3
0 7 38 0 5 4 3 2 1 6 7
0 7 38 0 6 3 4 2 5 7 1
0 7 38 0 6 5 4 2 1 7 3
0 6 38 0 7 1 2 3 6 5 4
0 6 38 0 7 1 4 6 3 5 2
0 8 38 0 7 3 4 1 6 5 2
0 6 38 1 0 4 7 3 6 5 2
0 7 38 1 0 5 2 3 6 7 4
0 7 38 1 0 5 3 4 2 6 7
0 8 38 1 0 5 4 6 2 7 3
0 7 38 1 0 5 4 7 2 6 3
0 9 38 1 2 5 4 3 6 7 0
0 9 38 1 3 0 4 7 2 6 5
0 9 38 1 3 0 5 4 2 6 7
0 8 38 1 3 0 7 2 6 4 5
0 8 38 1 3 5 0 4 6 7 2
0 8 38 1 3 5 4 6 0 7 2
0 9 38 1 3 5 4 7 2 0 6
0 9 38 1 3 5 6 4 2 0 7
0 11 38 1 3 5 7 2 6 4 0
0 6 38 1 4 0 2 3 6 5 7
0 7 38 1 4 3 2 0 6 5 7
0 7 38 1 4 3 5 2 6 0 7
0 8 38 1 4 5 0 2 3 6 7
0 7 38 1 5 0 4 3 2 6 7
0 6 38 1 6 4 3 0 2 5 7
0 7 38 1 6 4 7 2 5 0 3
0 8 38 1 6 5 4 0 3 7 2
0 8 38 1 6 5 4 2 7 3 0
0 8 38 1 6 5 4 3 2 7 0
0 8 38 1 7 0 4 2 6 3 5
0 8 38 1 7 3 0 4 6 5 2
0 8 38 1 7 3 4 2 0 6 5
0 8 38 1 7 3 4 6 0 5 2
0 8 38 1 7 5 4 2 3 6 0
0 6 38 2 0 1 5 4 3 6 7
0 6 38 2 0 3 4 6 5 1 7
0 6 38 2 0 3 5 4 6 1 7
0 6 38 2 0 4 7 1 6 5 3
0 6 38 2 1 4 0 7 6 5 3
0 7 38 2 1 4 3 0 6 7 5
0 6 38 2 1 4 7 6 0 5 3
0 7 38 2 1 5 4 6 7 0 3
0 6 38 2 3 1 0 6 5 7 4
0 8 38 2 3 1 4 5 6 7 0
0 7 38 2 3 1 7 0 4 6 5
0 8 38 2 3 5 0 7 1 6 4
0 7 38 2 3 7 4 0 6 5 1
0 7 38 2 4 3 7 0 6 5 1
0 9 38 2 4 5 7 0 3 6 1
0 6 38 2 6 1 0 4 5 7 3
0 5 38 2 6 1 3 4 0 5 7
0 6 38 2 6 3 1 4 0 5 7
0 7 38 3 0 1 5 4 6 7 2
0 7 38 3 0 4 2 1 6 7 5
0 9 38 3 0 5 7 4 2 6 1
0 5 38 3 0 6 1 4 2 5 7
0 7 38 3 0 7 4 2 1 6 5
0 7 38 3 0 7 4 2 6 5 1
0 7 38 3 1 0 2 4 6 7 5
0 7 38 3 1 0 7 4 2 6 5
0 6 38 3 1 4 5 6 0 7 2
0 7 38 3 1 5 7 4 2 0 6
0 7 38 3 1 5 7 4 6 2 0
0 6 38 3 1 7 2 0 6 5 4
0 7 38 3 1 7 4 0 6 5 2
0 7 38 3 2 5 4 1 6 0 7
0 7 38 3 4 0 7 2 1 6 5
0 8 38 3 4 1 7 2 0 6 5
0 7 38 3 5 0 4 6 1 7 2
0 8 38 3 5 0 7 2 1 6 4
0 5 38 3 6 0 5 4 2 1 7
0 6 38 3 6 0 7 2 5 1 4
0 7 38 3 6 1 4 2 7 0 5
0 5 38 3 6 1 5 4 0 2 7
0 6 38 3 6 1 7 2 5 4 0
0 6 38 3 6 4 7 2 5 0 1
0 7 38 3 6 5 4 1 7 0 2
0 7 38 4 0 1 5 2 6 7 3
0 6 38 4 0 3 2 7 6 5 1
0 8 38 4 0 3 5 2 1 6 7
0 9 38 4 0 3 7 2 1 6 5
0 7 38 4 0 5 1 3 6 7 2
0 7 38 4 0 5 2 1 6 7 3
0 8 38 4 0 5 2 3 1 6 7
0 8 38 4 0 5 7 2 1 6 3
0 9 38 4 0 5 7 3 1 6 2
0 8 38 4 0 5 7 3 6 1 2
0 7 38 4 1 0 3 2 6 7 5
0 7 38 4 1 5 0 2 3 6 7
0 7 38 4 1 5 3 2 6 0 7
0 7 38 4 1 5 7 3 2 6 0
0 6 38 4 2 1 0 6 3 5 7
0 8 38 4 2 5 0 1 6 7 3
0 7 38 4 3 0 1 5 6 7 2
0 8 38 4 3 0 6 2 1 5 7
0 9 38 4 3 0 7 1 2 6 5
0 9 38 4 3 0 7 2 1 5 6
0 8 38 4 3 0 7 5 2 6 1
0 7 38 4 3 1 2 5 6 7 0
0 6 38 4 3 1 2 7 0 6 5
0 6 38 4 3 1 7 6 2 5 0
0 9 38 4 3 5 0 7 1 6 2
0 7 38 4 3 5 1 6 0 7 2
0 6 38 4 3 5 2 7 6 0 1
0 9 38 4 3 5 7 1 2 0 6
0 8 38 4 3 6 5 2 1 0 7
0 9 38 4 3 6 7 2 1 0 5
0 9 38 4 3 7 0 2 1 6 5
0 7 38 4 3 7 2 0 6 1 5
0 6 38 4 6 1 0 3 5 7 2
0 6 38 4 6 1 7 2 3 5 0
0 6 38 4 6 1 7 2 5 0 3
0 7 38 4 6 3 7 2 5 0 1
0 7 38 4 7 3 0 2 6 1 5
0 7 38 4 7 3 1 2 6 5 0
0 7 38 4 7 3 2 0 6 5 1
0 7 38 4 7 3 5 2 6 0 1
0 7 38 5 1 4 3 2 6 7 0
0 8 38 5 3 1 7 4 2 6 0
0 7 38 5 3 4 7 2 6 1 0
0 8 38 5 4 1 7 2 3 6 0
0 6 38 5 6 1 4 2 7 0 3
0 5 38 6 0 1 3 4 2 5 7
0 7 38 6 0 1 4 5 3 7 2
0 7 38 6 0 1 7 3 2 5 4
0 7 38 6 0 3 4 2 7 5 1
0 7 38 6 0 4 7 2 3 5 1
0 7 38 6 0 5 4 1 2 7 3
0 6 38 6 1 4 5 2 0 7 3
0 6 38 6 1 4 7 2 3 5 0
0 7 38 6 1 5 4 2 7 3 0
0 7 38 6 1 5 4 3 2 7 0
0 7 38 6 1 5 4 3 7 0 2
0 8 38 6 2 5 4 1 0 7 3
0 6 38 6 3 1 2 0 4 5 7
0 7 38 6 3 4 7 0 2 5 1
0 7 38 6 3 4 7 2 0 1 5
0 6 38 6 3 5 1 4 2 0 7
0 6 38 6 3 5 4 7 2 0 1
0 9 38 6 3 5 7 2 1 0 4
0 7 38 6 3 7 4 2 0 5 1
0 7 38 6 4 3 7 2 0 5 1
0 7 38 6 5 0 4 2 1 7 3
0 7 38 6 5 3 4 2 0 7 1
0 7 38 6 7 3 4 0 2 5 1
0 7 38 6 7 3 4 2 0 1 5
0 7 38 6 7 3 4 2 5 0 1
0 8 38 7 0 3 4 2 1 6 5
0 8 38 7 0 5 4 3 1 6 2
0 7 38 7 0 5 4 3 6 1 2
0 6 38 7 1 0 2 3 6 5 4
0 6 38 7 1 0 4 6 3 5 2
0 6 38 7 1 4 2 0 6 5 3
0 6 38 7 1 4 5 2 6 0 3
0 7 38 7 3 0 1 2 6 4 5
0 6 38 7 3 0 2 4 6 5 1
0 8 38 7 3 0 4 2 1 5 6
0 6 38 7 3 0 4 6 5 1 2
0 6 38 7 3 0 5 4 6 1 2
0 6 38 7 3 1 2 4 6 0 5
0 6 38 7 3 1 2 6 5 0 4
0 6 38 7 3 1 4 6 5 2 0
0 6 38 7 3 1 5 4 6 2 0
0 7 38 7 3 5 0 4 6 1 2
0 7 38 7 3 5 1 0 6 4 2
0 7 38 7 3 5 4 6 0 1 2
0 8 38 7 3 6 4 2 1 0 5
0 7 38 7 4 3 0 2 6 5 1
0 9 38 7 4 5 0 2 3 6 1
0 5 38 7 6 1 3 4 2 5 0
0 6 39 0 1 4 3 7 6 5 2
0 6 39 0 1 4 5 3 2 6 7
0 6 39 0 1 4 6 2 3 5 7
0 7 39 0 1 5 3 7 2 6 4
0 11 39 0 1 5 7 2 3 6 4
0 8 39 0 1 5 7 3 2 6 4
0 6 39 0 2 4 3 1 6 5 7
0 7 39 0 3 1 4 5 2 6 7
0 7 39 0 3 1 5 2 4 6 7
0 7 39 0 3 1 5 7 2 6 4
0 6 39 0 3 1 6 7 2 5 4
0 8 39 0 3 1 7 2 5 4 6
0 7 39 0 3 1 7 2 6 4 5
0 8 39 0 3 5 1 7 2 6 4
0 7 39 0 3 5 2 1 6 7 4
0 9 39 0 4 5 7 3 2 6 1
0 6 39 0 6 1 3 4 5 7 2
0 6 39 0 6 4 3 2 5 7 1
0 6 39 0 6 4 7 2 5 1 3
0 8 39 0 6 5 4 1 2 7 3
0 7 39 0 7 1 5 2 3 6 4
0 10 39 1 0 3 4 2 6 7 5
0 8 39 1 0 3 7 2 6 5 4
0 6 39 1 0 4 2 7 6 5 3
0 8 39 1 0 5 7 2 6 4 3
0 11 39 1 0 5 7 3 2 6 4
0 8 39 1 0 7 4 2 6 5 3
0 9 39 1 2 5 0 4 6 7 3
0 9 39 1 2 5 4 6 0 7 3
0 8 39 1 3 0 5 2 6 7 4
0 10 39 1 3 0 7 4 2 6 5
0 6 39 1 3 4 2 0 6 5 7
0 7 39 1 3 4 5 2 0 6 7
0 8 39 1 3 5 2 0 6 7 4
0 10 39 1 3 5 7 4 0 6 2
0 10 39 1 3 5 7 4 2 0 6
0 8 39 1 3 7 0 2 6 5 4
0 10 39 1 4 0 7 2 3 6 5
0 7 39 1 4 5 3 2 0 6 7
0 10 39 1 4 5 7 0 3 6 2
0 8 39 1 4 5 7 2 0 6 3
0 10 39 1 4 5 7 2 3 0 6
0 7 39 1 4 7 0 2 6 5 3
0 11 39 1 5 0 7 2 3 6 4
0 9 39 1 5 4 0 2 3 6 7
0 8 39 1 6 0 4 2 7 5 3
0 6 39 1 6 4 2 3 0 5 7
0 7 39 1 6 4 7 0 2 5 3
0 8 39 1 6 5 0 4 2 7 3
0 8 39 1 6 5 4 3 7 0 2
0 8 39 1 7 3 2 0 6 5 4
0 8 39 1 7 3 5 2 6 0 4
0 8 39 1 7 5 4 2 6 0 3
0 7 39 2 0 1 4 5 6 7 3
0 7 39 2 0 5 3 1 6 7 4
0 8 39 2 0 5 4 1 3 6 7
0 7 39 2 1 5 3 4 0 6 7
0 6 39 2 1 5 4 6 3 0 7
0 7 39 2 1 5 4 7 0 6 3
0 8 39 2 3 0 4 1 6 7 5
0 8 39 2 3 0 4 7 1 6 5
0 8 39 2 3 0 5 4 1 6 7
0 7 39 2 3 1 0 5 6 7 4
0 7 39 2 3 1 4 5 0 7 6
0 6 39 2 3 1 4 7 0 5 6
0 6 39 2 3 1 6 4 0 5 7
0 6 39 2 3 4 0 6 5 1 7
0 7 39 2 3 5 1 0 4 6 7
0 8 39 2 3 5 4 0 6 7 1
0 8 39 2 3 5 4 1 6 0 7
0 8 39 2 3 5 4 7 1 0 6
0 8 39 2 3 5 6 4 1 0 7
0 10 39 2 3 5 7 0 4 6 1
0 10 39 2 3 5 7 1 0 6 4
0 6 39 2 4 1 0 3 6 5 7
0 8 39 2 4 1 7 0 3 6 5
0 6 39 3 0 1 4 7 2 5 6
0 8 39 3 0 1 7 4 2 6 5
0 6 39 3 0 4 5 1 2 6 7
0 7 39 3 0 4 7 2 6 1 5
0 6 39 3 0 4 7 6 1 5 2
0 8 39 3 0 5 7 1 2 6 4
0 10 39 3 0 5 7 2 4 6 1
0 6 39 3 1 0 2 4 6 5 7
0 6 39 3 1 4 0 5 2 6 7
0 7 39 3 1 4 2 6 0 7 5
0 6 39 3 1 4 5 7 2 6 0
0 6 39 3 1 4 5 7 6 0 2
0 6 39 3 1 4 7 6 5 0 2
0 6 39 3 1 5 2 0 6 4 7
0 7 39 3 1 5 2 4 6 0 7
0 7 39 3 1 7 4 0 2 6 5
0 7 39 3 1 7 5 4 6 0 2
0 7 39 3 2 5 4 0 1 6 7
0 6 39 3 4 0 7 1 6 5 2
0 7 39 3 4 0 7 2 6 5 1
0 6 39 3 4 1 2 0 6 5 7
0 7 39 3 4 1 5 2 0 6 7
0 8 39 3 4 5 1 2 0 6 7
0 7 39 3 5 0 2 1 6 7 4
0 7 39 3 5 4 2 0 1 6 7
0 7 39 3 5 4 6 2 1 0 7
0 7 39 3 5 6 4 2 1 7 0
0 6 39 3 6 0 1 4 5 7 2
0 6 39 3 6 1 2 4 5 7 0
0 6 39 3 6 1 2 5 0 7 4
0 6 39 3 6 1 7 4 5 0 2
0 6 39 3 6 4 1 2 5 7 0
0 6 39 3 6 4 2 0 5 7 1
0 6 39 3 6 4 7 1 0 5 2
0 7 39 3 6 4 7 2 0 5 1
0 6 39 3 6 7 4 2 0 5 1
0 6 39 3 6 7 4 2 5 1 0
0 7 39 3 7 1 4 2 0 6 5
0 8 39 3 7 5 4 2 0 6 1
0 6 39 4 1 2 0 3 6 5 7
0 7 39 4 1 5 0 7 2 6 3
0 6 39 4 1 5 2 3 6 0 7
0 7 39 4 1 5 2 6 0 7 3
0 7 39 4 1 5 3 0 2 6 7
0 8 39 4 1 5 7 0 2 6 3
0 8 39 4 1 6 7 2 3 0 5
0 8 39 4 1 7 0 2 3 6 5
0 7 39 4 1 7 5 2 6 0 3
0 9 39 4 2 5 7 3 0 6 1
0 7 39 4 3 0 1 5 2 6 7
0 6 39 4 3 0 1 6 2 5 7
0 6 39 4 3 0 2 6 5 1 7
0 6 39 4 3 0 2 7 6 1 5
0 7 39 4 3 0 5 7 2 6 1
0 7 39 4 3 0 7 6 5 1 2
0 6 39 4 3 1 0 7 2 5 6
0 6 39 4 3 1 2 6 5 7 0
0 6 39 4 3 1 5 6 2 0 7
0 6 39 4 3 1 6 0 2 5 7
0 7 39 4 3 1 7 2 5 0 6
0 8 39 4 3 1 7 5 2 0 6
0 7 39 4 3 1 7 5 6 0 2
0 7 39 4 3 1 7 6 5 2 0
0 6 39 4 3 2 0 7 6 5 1
0 7 39 4 3 5 2 6 0 1 7
0 6 39 4 3 6 0 2 5 1 7
0 7 39 4 3 7 1 0 6 5 2
0 6 39 4 6 0 1 2 3 5 7
0 6 39 4 6 0 1 2 5 7 3
0 6 39 4 6 1 2 0 5 7 3
0 6 39 4 6 1 3 2 5 7 0
0 6 39 4 6 1 5 2 3 0 7
0 7 39 4 6 3 5 2 0 7 1
0 7 39 4 6 3 7 0 2 5 1
0 7 39 4 7 0 3 2 6 5 1
0 7 39 4 7 1 0 2 3 6 5
0 8 39 4 7 5 0 2 3 6 1
0 8 39 5 3 0 4 2 6 7 1
0 7 39 5 3 1 0 4 2 6 7
0 8 39 5 3 1 4 0 6 7 2
0 7 39 5 3 1 4 7 2 6 0
0 7 39 5 3 1 7 2 6 0 4
0 6 39 5 3 6 4 2 0 1 7
0 7 39 5 4 1 0 2 3 6 7
0 7 39 5 7 1 4 2 3 6 0
0 6 39 6 0 3 1 4 2 5 7
0 7 39 6 0 5 3 2 1 7 4
0 9 39 6 0 5 7 2 3 1 4
0 7 39 6 1 0 4 2 7 5 3
0 7 39 6 1 4 3 2 0 7 5
0 6 39 6 1 4 5 2 3 0 7
0 6 39 6 1 4 7 3 0 5 2
0 7 39 6 1 5 0 4 2 7 3
0 7 39 6 1 5 3 2 7 0 4
0 7 39 6 1 5 3 4 0 7 2
0 6 39 6 1 5 4 3 2 0 7
0 6 39 6 3 0 1 7 2 5 4
0 6 39 6 3 0 4 7 2 1 5
0 6 39 6 3 0 5 4 2 1 7
0 8 39 6 3 0 7 2 5 4 1
0 6 39 6 3 1 2 4 5 0 7
0 7 39 6 3 1 4 5 7 0 2
0 6 39 6 3 1 4 7 0 2 5
0 6 39 6 3 1 5 4 0 2 7
0 6 39 6 3 1 5 4 2 7 0
0 6 39 6 3 1 5 7 2 0 4
0 6 39 6 3 4 0 7 2 5 1
0 7 39 6 3 4 7 0 5 1 2
0 9 39 6 3 5 7 0 2 1 4
0 6 39 7 0 1 2 6 3 5 4
0 7 39 7 0 3 4 6 2 5 1
0 7 39 7 0 4 5 2 3 6 1
0 7 39 7 1 0 5 2 3 6 4
0 6 39 7 1 3 0 2 6 5 4
0 7 39 7 1 4 0 2 3 6 5
0 6 39 7 1 4 3 2 0 6 5
0 7 39 7 1 5 0 3 2 6 4
0 6 39 7 1 5 3 2 6 0 4
0 7 39 7 1 5 3 4 2 6 0
0 7 39 7 1 5 4 0 2 6 3
0 9 39 7 1 5 4 2 3 6 0
0 7 39 7 3 0 1 4 2 6 5
0 7 39 7 3 0 4 5 2 6 1
0 6 39 7 3 0 4 6 2 5 1
0 7 39 7 3 1 0 5 2 6 4
0 6 39 7 3 1 0 6 2 5 4
0 6 39 7 3 1 4 0 2 5 6
0 7 39 7 3 1 4 5 2 0 6
0 6 39 7 3 1 4 6 2 0 5
0 7 39 7 3 1 5 4 2 6 0
0 6 39 7 3 1 6 4 2 5 0
0 7 39 7 3 4 1 2 0 6 5
0 7 39 7 3 4 5 0 2 6 1
0 8 39 7 3 5 0 1 2 6 4
0 8 39 7 3 5 1 4 2 6 0
0 6 39 7 3 6 4 2 5 1 0
0 8 39 7 4 1 0 2 3 6 5
0 6 39 7 4 1 2 3 6 5 0
0 7 39 7 4 1 5 2 3 6 0
0 8 39 7 4 5 1 2 3 6 0
0 6 39 7 6 0 4 2 3 5 1
0 6 39 7 6 1 0 2 3 5 4
0 6 39 7 6 1 2 3 0 5 4
0 6 39 7 6 1 4 2 3 0 5
0 7 39 7 6 3 4 0 2 1 5
0 7 39 7 6 3 4 1 2 5 0
0 7 39 7 6 3 4 2 1 0 5
0 7 39 7 6 3 4 2 5 1 0
0 7 40 0 1 4 3 5 6 7 2
0 7 40 0 1 4 7 3 2 6 5
0 8 40 0 1 5 7 2 6 3 4
0 7 40 0 3 1 2 4 6 7 5
0 8 40 0 3 1 7 2 4 6 5
0 7 40 0 3 4 5 2 6 1 7
0 7 40 0 3 4 6 2 5 7 1
0 9 40 0 3 5 2 7 1 6 4
0 11 40 0 3 5 7 2 4 6 1
0 8 40 0 3 5 7 2 6 4 1
0 7 40 0 3 7 2 4 6 5 1
0 7 40 0 4 1 5 3 6 7 2
0 8 40 0 4 1 7 3 2 6 5
0 7 40 0 5 1 4 2 6 7 3
0 6 40 0 6 1 2 3 5 7 4
0 6 40 0 6 4 3 2 1 5 7
0 7 40 0 7 3 5 2 6 1 4
0 8 40 0 7 5 1 2 3 6 4
0 9 40 1 0 4 2 5 6 7 3
0 9 40 1 0 4 7 2 3 6 5
0 9 40 1 0 5 7 2 4 6 3
0 8 40 1 0 5 7 4 2 6 3
0 10 40 1 2 0 4 3 6 7 5
0 8 40 1 2 5 4 3 6 0 7
0 8 40 1 3 4 5 2 6 0 7
0 9 40 1 3 4 7 0 2 6 5
0 8 40 1 3 4 7 6 0 5 2
0 8 40 1 3 5 0 2 6 4 7
0 9 40 1 3 5 2 4 0 6 7
0 9 40 1 3 5 4 7 0 6 2
0 11 40 1 3 5 7 0 4 6 2
0 12 40 1 3 5 7 2 4 6 0
