0 0 5 3 0 1 4 2 6 5 7
0 1 9 0 3 1 4 2 6 5 7
0 1 11 3 1 0 4 2 6 5 7
0 2 16 2 3 1 4 0 6 5 7
0 2 17 3 1 5 4 2 6 0 7
0 1 17 3 6 1 4 2 0 5 7
0 2 17 7 3 1 4 2 6 5 0
0 2 18 3 1 4 0 2 6 5 7
0 2 18 4 3 1 0 2 6 5 7
0 3 22 0 1 4 3 2 6 5 7
0 3 22 2 3 1 0 4 6 5 7
0 3 22 3 1 5 4 2 6 7 0
0 2 22 6 3 1 4 2 0 5 7
0 3 24 2 3 1 4 6 0 5 7
0 3 24 3 1 5 4 2 0 6 7
0 3 25 2 3 1 4 7 6 5 0
0 3 25 3 1 4 5 2 6 0 7
0 3 25 3 1 4 7 2 6 5 0
0 3 26 3 1 4 2 0 6 5 7
0 3 26 4 3 0 1 2 6 5 7
0 3 26 7 3 1 4 2 6 0 5
0 4 27 1 0 4 3 2 6 5 7
0 4 27 2 3 0 1 4 6 5 7
0 3 27 4 3 1 5 2 6 0 7
0 3 27 4 3 1 7 2 6 5 0
0 2 28 3 6 1 4 0 2 5 7
0 3 28 7 3 1 0 2 6 5 4
0 3 28 7 3 1 4 0 6 5 2
0 4 29 0 1 4 2 3 6 5 7
0 4 29 0 1 5 4 2 6 7 3
0 4 29 2 0 1 4 6 3 5 7
0 4 29 2 1 4 3 0 6 5 7
0 4 29 3 1 0 4 2 6 7 5
0 2 29 3 6 1 4 2 5 0 7
0 4 30 2 3 1 5 4 6 0 7
0 4 30 2 3 1 7 4 6 5 0
0 4 30 3 1 5 0 2 6 7 4
0 4 30 3 1 5 4 0 6 7 2
0 3 30 6 0 1 4 2 3 5 7
0 4 30 7 1 4 3 2 6 5 0
0 5 31 2 0 3 1 4 6 5 7
0 4 31 3 1 4 5 2 6 7 0
0 4 32 3 1 0 5 2 6 4 7
0 4 32 3 1 5 4 0 2 6 7
0 5 33 0 2 1 4 6 3 5 7
0 5 33 1 0 4 2 3 6 5 7
0 5 33 1 4 0 3 2 6 5 7
0 4 33 2 3 1 4 6 5 0 7
0 4 33 3 0 4 2 1 6 5 7
0 4 33 3 0 5 4 2 1 6 7
0 4 33 3 1 4 5 2 0 6 7
0 4 33 3 1 4 7 2 6 0 5
0 5 33 3 1 5 7 2 6 0 4
0 4 33 4 0 3 1 2 6 5 7
0 3 33 7 3 0 4 2 6 5 1
0 4 34 0 1 4 7 2 6 5 3
0 6 34 0 2 3 1 4 6 5 7
0 4 34 0 3 1 4 7 6 5 2
0 3 34 3 0 1 4 6 2 5 7
0 4 34 3 1 4 2 7 6 5 0
0 3 34 6 3 1 4 0 2 5 7
0 4 34 7 3 1 5 2 6 0 4
0 5 35 2 0 4 3 1 6 5 7
0 5 35 2 1 0 4 6 3 5 7
0 4 35 2 3 1 4 7 6 0 5
0 5 35 3 0 1 4 2 6 7 5
0 4 35 3 1 0 7 2 6 5 4
0 4 35 3 1 4 2 6 0 5 7
0 4 35 3 1 4 7 0 6 5 2
0 5 35 3 1 5 4 7 2 6 0
0 6 35 3 1 5 7 2 6 4 0
0 4 35 4 3 1 5 2 6 7 0
0 4 35 6 1 4 3 2 0 5 7
0 3 35 6 3 1 4 2 5 0 7
0 5 36 0 1 5 3 2 6 7 4
0 4 36 0 3 1 7 2 6 5 4
0 3 36 0 6 1 4 3 2 5 7
0 4 36 2 3 0 4 7 6 5 1
0 4 36 2 3 1 0 7 6 5 4
0 5 36 2 3 5 1 4 6 0 7
0 5 36 3 1 7 4 2 6 0 5
0 4 36 4 3 5 1 2 6 0 7
0 4 36 7 3 1 4 2 0 6 5
0 5 37 0 1 4 5 2 6 7 3
0 4 37 0 6 1 4 2 3 5 7
0 5 37 1 0 5 4 2 6 7 3
0 5 37 2 1 4 3 6 0 5 7
0 5 37 2 3 1 5 4 6 7 0
0 5 37 3 1 4 0 2 6 7 5
0 5 37 3 1 5 2 0 6 7 4
0 5 37 3 1 5 4 6 0 7 2
0 6 37 3 1 5 7 2 0 6 4
0 4 37 4 3 1 5 2 0 6 7
0 4 37 4 3 1 7 2 6 0 5
0 5 38 0 1 5 4 3 2 6 7
0 5 38 0 1 5 4 3 6 7 2
0 7 38 1 2 3 0 4 6 5 7
0 6 38 1 4 0 2 3 6 5 7
0 5 38 2 1 4 3 7 6 5 0
0 5 38 2 3 0 5 4 6 1 7
0 5 38 2 3 1 5 4 0 6 7
0 5 38 3 0 1 5 2 6 4 7
0 5 38 3 1 0 5 2 6 7 4
0 3 38 3 6 1 0 4 2 5 7
0 4 38 4 3 0 5 2 6 1 7
0 5 38 7 1 4 2 3 6 5 0
0 4 38 7 3 1 4 6 0 5 2
0 4 39 0 3 1 4 6 2 5 7
0 5 39 0 3 4 2 1 6 5 7
0 5 39 0 4 3 1 2 6 5 7
0 5 39 1 6 4 3 2 0 5 7
0 5 39 2 1 5 4 0 6 7 3
0 5 39 2 3 1 7 4 6 0 5
0 5 39 3 1 5 0 4 6 7 2
0 6 39 3 1 5 4 7 2 0 6
0 3 39 3 6 1 4 7 2 5 0
0 5 39 4 1 5 0 2 6 7 3
0 4 39 4 3 1 7 0 6 5 2
0 4 39 6 1 0 4 2 3 5 7
0 5 39 7 1 4 3 2 6 0 5
0 5 39 7 3 1 5 2 6 4 0
0 6 40 0 2 4 3 1 6 5 7
0 6 40 0 3 1 4 2 6 7 5
0 5 40 0 3 1 7 4 6 5 2
0 6 40 1 4 3 0 2 6 5 7
0 5 40 3 0 5 4 1 2 6 7
0 5 40 3 0 5 4 1 6 7 2
0 5 40 3 1 4 5 0 6 7 2
0 5 40 3 1 5 0 2 6 4 7
0 5 40 3 1 5 0 4 2 6 7
0 3 40 3 6 1 4 2 5 7 0
0 4 40 7 3 0 1 2 6 5 4
0 5 41 0 3 1 5 2 6 7 4
0 5 41 0 3 5 4 2 1 6 7
0 6 41 1 4 5 3 2 6 0 7
0 5 41 2 3 0 4 6 5 1 7
0 5 41 2 3 1 7 0 6 5 4
0 5 41 3 0 4 5 2 1 6 7
0 4 41 3 1 0 4 6 2 5 7
0 5 41 3 1 4 5 0 2 6 7
0 6 41 3 1 5 0 7 2 6 4
0 5 41 3 4 0 2 1 6 5 7
0 3 41 3 6 0 4 2 5 1 7
0 5 41 6 1 4 2 3 0 5 7
0 4 41 7 0 1 4 3 6 5 2
0 5 41 7 1 0 3 2 6 5 4
0 5 41 7 1 4 3 0 6 5 2
0 4 41 7 3 0 4 2 6 1 5
0 5 41 7 3 1 5 2 0 6 4
0 5 42 0 1 4 2 7 6 5 3
0 6 42 0 1 4 3 2 6 7 5
0 6 42 0 1 5 2 3 6 7 4
0 6 42 2 1 4 0 6 3 5 7
0 5 42 2 3 0 7 4 6 5 1
0 5 42 2 3 1 4 6 5 7 0
0 6 42 2 4 0 3 1 6 5 7
0 6 42 2 6 3 1 4 0 5 7
0 5 42 3 1 4 7 2 0 6 5
0 7 42 3 1 5 7 0 2 6 4
0 7 42 3 1 5 7 0 6 4 2
0 6 42 3 1 5 7 4 2 6 0
0 6 42 3 1 7 4 2 6 5 0
0 6 42 3 1 7 5 2 6 0 4
0 6 42 4 2 1 0 6 3 5 7
0 4 42 4 3 0 7 2 6 5 1
0 6 43 0 3 1 5 2 6 4 7
0 6 43 1 0 5 3 2 6 7 4
0 6 43 2 0 1 5 4 3 6 7
0 5 43 2 3 1 5 7 6 0 4
0 5 43 3 0 4 2 6 1 5 7
0 5 43 3 1 0 7 2 6 4 5
0 5 43 3 1 4 2 7 6 0 5
0 6 43 3 1 5 2 6 0 7 4
0 6 43 3 1 5 4 6 7 0 2
0 6 43 3 1 5 7 4 6 0 2
0 5 43 3 5 0 4 2 1 6 7
0 5 43 4 0 1 5 2 3 6 7
0 6 43 7 2 1 4 6 3 5 0
0 7 43 7 2 3 1 4 6 5 0
0 4 43 7 3 5 4 2 6 0 1
0 6 44 0 1 5 4 7 2 6 3
0 6 44 0 3 1 5 4 6 7 2
0 6 44 1 0 4 5 2 6 7 3
0 5 44 1 0 4 7 2 6 5 3
0 8 44 1 2 3 5 4 6 0 7
0 8 44 1 2 3 7 4 6 5 0
0 7 44 1 4 2 0 3 6 5 7
0 6 44 1 6 4 2 3 0 5 7
0 6 44 2 0 4 3 6 1 5 7
0 6 44 2 3 1 0 4 6 7 5
0 6 44 2 3 5 1 4 6 7 0
0 5 44 3 0 1 4 7 6 5 2
0 5 44 3 1 0 2 7 6 5 4
0 6 44 3 1 0 4 7 2 6 5
0 5 44 3 1 4 2 6 5 0 7
0 5 44 3 1 4 7 6 0 5 2
0 7 44 3 1 5 4 7 0 2 6
0 5 44 3 1 7 0 2 6 5 4
0 6 44 3 1 7 4 2 0 6 5
0 6 44 4 1 5 3 2 6 7 0
0 7 44 4 2 3 1 0 6 5 7
0 5 44 6 1 5 4 2 0 7 3
0 5 44 7 1 4 0 2 6 5 3
0 6 44 7 1 5 4 3 2 6 0
0 6 45 0 1 5 3 2 6 4 7
0 6 45 0 1 5 3 4 2 6 7
0 7 45 0 1 5 7 2 6 4 3
0 4 45 0 6 1 3 4 2 5 7
0 6 45 1 0 5 4 3 2 6 7
0 6 45 2 0 3 5 4 6 1 7
0 6 45 2 1 5 3 0 6 7 4
0 6 45 2 1 5 4 6 3 0 7
0 5 45 2 3 0 4 7 6 1 5
0 5 45 2 3 1 4 7 0 6 5
0 6 45 2 3 1 5 0 4 6 7
0 6 45 2 3 5 1 4 0 6 7
0 6 45 3 0 1 5 2 6 7 4
0 5 45 3 0 1 7 2 6 5 4
0 5 45 3 1 4 0 7 6 5 2
0 6 45 3 1 4 5 7 2 6 0
0 7 45 3 1 5 7 4 2 0 6
0 7 45 3 1 7 5 2 6 4 0
0 5 45 4 3 1 0 2 6 7 5
0 5 45 4 3 5 1 2 6 7 0
0 4 45 6 3 1 0 4 2 5 7
0 7 46 0 1 4 2 6 3 5 7
0 6 46 0 1 4 5 3 2 6 7
0 6 46 0 1 5 3 4 6 7 2
0 7 46 1 2 4 3 0 6 5 7
0 6 46 1 3 4 2 0 6 5 7
0 6 46 1 5 0 4 2 6 7 3
0 5 46 2 0 3 4 7 6 5 1
0 6 46 2 1 4 3 6 5 0 7
0 6 46 2 1 4 5 0 6 7 3
0 5 46 2 3 0 1 7 6 5 4
0 6 46 2 3 0 5 4 6 7 1
0 6 46 2 3 1 5 0 6 7 4
0 6 46 2 3 4 0 1 6 5 7
0 6 46 3 0 5 2 1 6 7 4
0 6 46 3 1 4 2 0 6 7 5
0 7 46 3 1 5 6 7 2 0 4
0 7 46 3 1 5 7 4 6 2 0
0 5 46 4 3 1 5 0 6 7 2
0 6 46 6 1 5 3 2 0 7 4
0 7 46 6 2 3 1 4 0 5 7
0 4 46 6 3 1 4 7 2 5 0
0 5 46 7 0 1 4 2 3 6 5
0 6 47 0 1 4 3 7 6 5 2
0 6 47 0 1 4 5 3 6 7 2
0 7 47 0 2 1 5 4 3 6 7
0 6 47 0 3 5 4 1 2 6 7
0 6 47 1 0 5 4 3 6 7 2
0 6 47 1 3 5 4 2 0 6 7
0 7 47 1 4 3 5 2 6 0 7
0 7 47 1 4 3 7 2 6 5 0
0 7 47 1 4 5 2 3 6 0 7
0 6 47 2 1 0 3 7 6 5 4
0 6 47 2 3 5 0 4 6 1 7
0 5 47 2 3 5 4 7 6 0 1
0 5 47 3 0 4 7 1 6 5 2
0 7 47 3 1 0 4 7 2 5 6
0 6 47 3 1 0 5 4 2 6 7
0 7 47 3 1 7 5 2 0 6 4
0 4 47 3 6 0 1 4 2 5 7
0 5 47 3 6 4 2 1 0 5 7
0 6 47 4 1 5 0 3 2 6 7
0 5 47 4 3 0 5 2 6 7 1
0 5 47 4 3 1 5 0 2 6 7
0 5 47 4 3 5 1 2 0 6 7
0 5 47 4 6 1 0 2 3 5 7
0 4 47 4 6 1 0 3 2 5 7
0 5 47 4 6 3 1 2 0 5 7
0 7 47 5 3 1 4 2 6 7 0
0 5 47 6 0 4 3 2 1 5 7
0 5 47 6 1 4 3 0 2 5 7
0 4 47 6 3 1 4 2 5 7 0
0 5 47 6 3 1 4 7 0 5 2
0 5 47 6 3 1 7 2 0 5 4
0 6 47 7 1 5 3 2 6 0 4
0 5 47 7 3 0 5 2 6 1 4
0 5 47 7 3 1 4 0 2 6 5
0 5 47 7 3 1 4 6 5 0 2
0 5 47 7 3 5 1 2 6 0 4
0 7 48 0 3 1 2 4 6 7 5
0 6 48 0 3 4 5 2 1 6 7
0 6 48 0 4 1 5 2 3 6 7
0 7 48 1 0 4 3 2 6 7 5
0 7 48 1 0 5 2 3 6 7 4
0 7 48 1 4 3 2 0 6 5 7
0 7 48 1 4 5 3 2 6 7 0
0 6 48 2 0 3 4 6 5 1 7
0 6 48 2 0 5 4 1 6 7 3
0 6 48 2 1 4 3 7 6 0 5
0 7 48 2 3 1 4 0 6 7 5
0 5 48 2 3 4 0 7 6 5 1
0 6 48 2 4 3 1 0 6 5 7
0 6 48 2 6 4 3 1 0 5 7
0 6 48 3 0 4 5 1 2 6 7
0 6 48 3 0 5 4 6 1 7 2
0 7 48 3 0 5 7 2 1 6 4
0 6 48 3 1 0 5 4 6 7 2
0 7 48 3 1 0 5 7 2 6 4
0 6 48 3 1 4 0 5 2 6 7
0 6 48 3 1 4 5 6 0 7 2
0 6 48 3 1 5 2 0 6 4 7
0 7 48 3 1 5 2 6 7 0 4
0 6 48 3 1 5 2 7 6 0 4
0 5 48 3 1 5 4 6 2 0 7
0 7 48 3 1 5 4 6 7 2 0
0 6 48 3 1 5 6 4 2 0 7
0 7 48 3 1 5 7 4 0 6 2
0 8 48 3 1 5 7 6 0 4 2
0 7 48 3 2 4 0 1 6 5 7
0 6 48 3 6 1 4 2 0 7 5
0 6 48 3 6 1 5 2 0 4 7
0 4 48 3 6 1 5 4 2 0 7
0 4 48 3 6 1 7 4 2 5 0
0 5 48 4 0 3 5 2 6 1 7
0 6 48 4 1 0 5 2 6 7 3
0 5 48 4 3 1 7 2 0 6 5
0 6 48 5 1 4 0 2 6 7 3
0 5 48 6 1 4 3 2 5 0 7
0 4 48 6 3 0 4 2 5 1 7
0 4 48 7 0 3 4 2 6 5 1
0 6 48 7 1 4 2 3 6 0 5
0 5 48 7 3 1 4 6 2 5 0
0 4 48 7 6 1 4 3 2 5 0
0 7 49 0 1 5 3 7 2 6 4
0 6 49 0 3 1 4 6 5 7 2
0 7 49 0 3 1 5 2 4 6 7
0 6 49 0 3 5 4 1 6 7 2
0 4 49 0 6 1 4 2 5 7 3
0 7 49 2 0 1 5 3 4 6 7
0 7 49 2 1 0 5 4 3 6 7
0 6 49 2 3 1 4 0 5 7 6
0 6 49 2 3 1 5 7 6 4 0
0 6 49 2 3 1 7 4 0 6 5
0 6 49 3 0 4 5 1 6 7 2
0 6 49 3 1 4 0 5 6 7 2
0 5 49 3 1 4 0 6 2 5 7
0 8 49 3 1 5 7 4 0 2 6
0 6 49 3 5 0 4 1 2 6 7
0 6 49 4 1 5 0 3 6 7 2
0 6 49 4 1 5 7 2 6 0 3
0 5 49 4 3 1 0 6 2 5 7
0 7 49 5 1 4 3 2 6 7 0
0 5 49 6 1 4 0 2 3 5 7
0 6 49 7 1 4 3 2 0 6 5
0 6 49 7 3 1 5 0 2 6 4
0 6 49 7 3 1 5 0 6 4 2
0 4 49 7 3 4 0 2 6 5 1
0 6 49 7 3 4 2 1 6 5 0
0 6 49 7 3 5 4 2 1 6 0
0 6 49 7 4 3 1 2 6 5 0
0 7 50 0 1 4 2 3 6 7 5
0 7 50 0 2 4 3 6 1 5 7
0 6 50 0 3 4 2 6 1 5 7
0 4 50 0 6 1 4 7 2 5 3
0 9 50 1 2 3 5 4 0 6 7
0 7 50 1 4 5 3 2 0 6 7
0 6 50 1 6 4 3 0 2 5 7
0 6 50 2 0 1 7 3 6 5 4
0 7 50 2 1 4 3 0 6 7 5
0 7 50 2 1 4 6 0 3 5 7
0 6 50 2 1 5 4 6 0 7 3
0 7 50 2 3 0 1 4 6 7 5
0 6 50 2 3 0 7 4 6 1 5
0 7 50 2 3 1 5 7 4 6 0
0 6 50 2 3 4 0 6 5 1 7
0 6 50 2 3 5 4 0 1 6 7
0 7 50 2 4 3 0 1 6 5 7
0 7 50 3 1 4 5 7 2 0 6
0 8 50 3 1 5 0 7 6 4 2
0 8 50 3 1 5 4 0 7 2 6
0 8 50 3 1 5 6 7 2 4 0
0 6 50 3 2 5 4 1 0 6 7
0 6 50 3 4 0 5 2 1 6 7
0 6 50 3 4 2 0 1 6 5 7
0 6 50 4 1 0 5 2 3 6 7
0 7 50 4 2 0 1 6 3 5 7
0 5 50 4 3 1 7 6 0 5 2
0 5 50 4 3 5 0 2 6 1 7
0 5 50 6 1 4 7 2 0 5 3
0 6 50 6 1 5 4 3 0 7 2
0 6 50 7 1 0 3 2 6 4 5
0 7 50 7 1 5 3 2 6 4 0
0 7 50 7 1 5 3 4 2 6 0
0 5 50 7 6 1 4 2 3 5 0
0 8 51 0 1 5 7 3 2 6 4
0 7 51 0 2 3 5 4 6 1 7
0 5 51 0 3 1 4 2 5 7 6
0 5 51 0 3 1 6 4 2 5 7
0 8 51 1 0 3 2 4 6 5 7
0 8 51 1 0 4 2 6 3 5 7
0 6 51 1 0 4 2 7 6 5 3
0 7 51 1 0 5 3 2 6 4 7
0 7 51 1 0 5 3 4 2 6 7
0 9 51 1 2 3 7 4 6 0 5
0 8 51 1 2 4 0 3 6 5 7
0 8 51 1 4 2 3 0 6 5 7
0 7 51 1 5 0 3 2 6 7 4
0 6 51 1 6 4 3 2 5 0 7
0 6 51 1 6 5 4 2 0 7 3
0 7 51 2 0 5 1 4 3 6 7
0 6 51 2 3 0 4 6 5 7 1
0 7 51 2 3 1 0 5 4 6 7
0 6 51 2 3 1 0 6 5 7 4
0 7 51 2 3 1 5 0 6 4 7
0 6 51 2 3 1 5 7 0 6 4
0 6 51 2 3 1 7 6 0 5 4
0 6 51 3 0 1 7 4 6 5 2
0 6 51 3 1 0 2 6 5 4 7
0 6 51 3 1 4 5 7 6 0 2
0 7 51 3 1 5 2 7 6 4 0
0 7 51 3 1 7 4 0 6 5 2
0 6 51 3 4 5 2 1 6 0 7
0 6 51 3 5 0 4 1 6 7 2
0 4 51 3 6 1 0 2 5 7 4
0 4 51 3 6 1 0 7 2 5 4
0 4 51 3 6 1 4 7 2 0 5
0 5 51 4 0 1 7 3 6 5 2
0 5 51 4 3 0 7 2 6 1 5
0 6 51 5 3 1 0 2 6 7 4
0 6 51 6 3 1 5 2 0 7 4
0 6 51 7 1 3 0 2 6 5 4
0 6 51 7 1 4 3 6 0 5 2
0 7 51 7 1 5 4 3 2 0 6
0 7 51 7 2 4 3 1 6 5 0
0 6 51 7 3 1 0 2 6 4 5
0 7 52 0 1 4 3 5 2 6 7
0 6 52 0 1 4 3 6 2 5 7
0 7 52 0 1 5 2 3 6 4 7
0 7 52 0 1 5 7 4 2 6 3
0 7 52 0 1 7 4 2 6 5 3
0 8 52 0 2 1 5 3 4 6 7
0 5 52 0 3 1 4 7 2 5 6
0 6 52 0 3 1 5 4 2 6 7
0 6 52 0 3 5 1 2 6 7 4
0 7 52 0 3 5 1 4 6 7 2
0 7 52 1 0 4 5 3 2 6 7
0 7 52 1 4 0 5 2 6 7 3
0 7 52 1 6 5 3 2 0 7 4
0 6 52 2 0 1 4 7 3 6 5
0 7 52 2 0 1 5 3 6 7 4
0 7 52 2 1 0 3 6 5 4 7
0 7 52 2 1 4 5 6 3 0 7
0 6 52 2 3 5 7 4 6 0 1
0 7 52 2 4 0 3 6 1 5 7
0 7 52 2 6 3 1 0 4 5 7
0 7 52 3 0 1 4 7 2 6 5
0 7 52 3 0 1 5 4 6 7 2
0 6 52 3 0 1 7 2 6 4 5
0 8 52 3 0 5 7 1 2 6 4
0 4 52 3 0 6 4 2 5 1 7
0 6 52 3 1 0 2 7 6 4 5
0 7 52 3 1 0 7 4 2 6 5
0 6 52 3 1 4 2 6 5 7 0
0 6 52 3 1 4 7 0 2 6 5
0 6 52 3 1 4 7 6 5 0 2
0 8 52 3 1 5 2 6 7 4 0
0 8 52 3 1 5 6 7 0 2 4
0 8 52 3 1 5 7 0 6 2 4
0 6 52 3 1 7 2 0 6 5 4
0 6 52 3 4 0 2 6 1 5 7
0 4 52 3 6 1 4 0 5 7 2
0 6 52 3 6 5 4 1 0 7 2
0 7 52 4 1 0 3 2 6 7 5
0 7 52 4 2 1 6 0 3 5 7
0 6 52 4 3 5 0 2 1 6 7
0 6 52 6 0 4 2 3 1 5 7
0 6 52 6 1 4 2 0 3 5 7
0 6 52 6 1 4 5 2 0 7 3
0 5 52 6 1 5 4 2 3 0 7
0 6 52 6 3 1 7 4 0 5 2
0 6 52 7 0 1 3 2 6 5 4
0 5 52 7 0 1 4 6 3 5 2
0 6 52 7 0 1 5 2 3 6 4
0 5 52 7 0 3 1 2 6 5 4
0 6 52 7 1 4 2 0 6 5 3
0 5 52 7 3 5 4 2 6 1 0
0 7 53 0 1 4 5 7 2 6 3
0 8 53 0 1 5 7 3 6 4 2
0 6 53 0 1 7 3 2 6 5 4
0 5 53 0 7 1 4 3 6 5 2
0 7 53 1 0 5 4 2 3 6 7
0 9 53 1 2 3 7 0 6 5 4
0 8 53 1 2 4 3 6 0 5 7
0 7 53 1 2 5 4 3 0 6 7
0 7 53 1 3 4 2 7 6 5 0
0 8 53 1 4 2 5 3 6 0 7
0 8 53 1 4 3 5 2 6 7 0
0 7 53 1 5 0 4 3 2 6 7
0 7 53 1 5 7 4 2 6 0 3
0 7 53 2 0 1 4 3 5 7 6
0 6 53 2 0 3 7 4 6 5 1
0 7 53 2 0 5 3 1 6 7 4
0 7 53 2 1 4 7 6 3 5 0
0 7 53 2 1 5 3 4 0 6 7
0 7 53 2 3 5 1 0 4 6 7
0 7 53 3 0 1 5 4 2 6 7
0 6 53 3 0 4 7 2 1 6 5
0 7 53 3 0 5 2 6 1 7 4
0 7 53 3 1 0 4 6 7 5 2
0 7 53 3 1 4 2 5 6 7 0
0 6 53 3 1 4 2 7 0 6 5
0 7 53 3 1 4 7 5 2 6 0
0 7 53 3 1 5 2 7 0 6 4
0 9 53 3 1 5 7 6 4 0 2
0 6 53 3 1 7 0 2 6 4 5
0 7 53 3 1 7 4 0 2 6 5
0 8 53 3 1 7 5 0 2 6 4
0 8 53 3 1 7 5 0 6 4 2
0 7 53 3 1 7 5 4 6 0 2
0 4 53 3 6 0 4 2 5 7 1
0 6 53 4 3 1 5 7 2 6 0
0 5 53 4 3 5 7 2 6 0 1
0 7 53 5 3 1 0 2 6 4 7
0 7 53 6 1 5 2 3 0 7 4
0 7 53 7 1 4 5 3 2 6 0
0 7 53 7 1 5 0 3 2 6 4
0 8 53 7 2 3 1 4 6 0 5
0 6 53 7 3 0 5 2 6 4 1
0 6 53 7 3 1 4 5 2 6 0
0 8 53 7 3 1 5 2 4 6 0
0 6 53 7 3 5 1 2 6 4 0
0 6 54 0 1 4 6 2 3 5 7
0 7 54 0 2 3 4 6 5 1 7
0 9 54 0 2 3 7 4 6 5 1
0 8 54 0 3 1 2 5 4 6 7
0 6 54 0 3 1 4 7 2 6 5
0 7 54 0 3 4 5 1 2 6 7
0 7 54 0 3 5 2 1 6 7 4
0 7 54 1 0 5 3 4 6 7 2
0 7 54 1 0 5 4 7 2 6 3
0 9 54 1 2 0 7 4 6 5 3
0 8 54 1 2 4 3 7 6 5 0
0 7 54 1 3 4 2 6 0 5 7
0 7 54 1 3 5 4 0 2 6 7
0 8 54 1 4 0 5 2 6 3 7
0 8 54 1 4 2 7 3 6 5 0
0 7 54 1 6 4 2 0 3 5 7
0 6 54 2 0 3 4 7 6 1 5
0 7 54 2 0 3 5 4 6 7 1
0 7 54 2 0 4 5 1 6 7 3
0 8 54 2 1 0 5 3 4 6 7
0 7 54 2 1 4 0 5 6 7 3
0 7 54 2 1 5 3 6 0 7 4
0 7 54 2 1 5 3 7 6 0 4
0 7 54 2 1 5 4 6 3 7 0
0 6 54 2 3 0 5 7 6 1 4
0 7 54 2 3 1 0 5 6 7 4
0 6 54 2 3 1 4 0 7 6 5
0 7 54 2 3 4 1 0 6 5 7
0 7 54 2 3 5 0 4 6 7 1
0 7 54 2 3 5 1 0 6 7 4
0 6 54 2 3 5 1 7 6 0 4
0 7 54 2 4 5 3 1 6 0 7
0 7 54 2 6 3 1 4 5 0 7
0 8 54 3 0 1 4 7 2 5 6
0 8 54 3 0 1 5 2 4 6 7
0 7 54 3 0 4 2 1 6 7 5
0 8 54 3 0 5 7 1 6 4 2
0 7 54 3 1 0 4 5 2 6 7
0 8 54 3 1 0 7 4 2 5 6
0 6 54 3 1 2 0 7 6 5 4
0 7 54 3 1 4 0 7 2 6 5
0 6 54 3 1 5 4 6 2 7 0
0 9 54 3 1 5 7 0 4 2 6
0 8 54 3 1 5 7 0 4 6 2
0 8 54 3 1 6 5 7 2 0 4
0 6 54 3 5 4 0 2 1 6 7
0 4 54 3 6 0 4 7 2 5 1
0 7 54 3 6 1 5 2 0 7 4
0 4 54 3 6 4 0 2 5 1 7
0 6 54 4 0 5 1 2 3 6 7
0 7 54 4 1 5 7 3 2 6 0
0 7 54 4 2 1 5 6 3 0 7
0 6 54 4 3 0 1 2 6 7 5
0 8 54 5 3 1 2 4 6 7 0
0 6 54 6 1 4 2 3 5 0 7
0 7 54 6 2 4 3 1 0 5 7
0 7 54 6 3 1 4 2 0 7 5
0 7 54 6 3 1 5 2 0 4 7
0 6 54 6 3 4 2 1 0 5 7
0 6 54 6 4 3 1 2 0 5 7
0 6 54 7 1 4 5 2 6 0 3
0 7 54 7 1 5 3 2 0 6 4
0 7 54 7 2 1 4 0 3 5 6
0 7 54 7 2 1 4 6 3 0 5
0 7 54 7 3 1 5 4 2 6 0
0 7 54 7 3 5 4 1 2 6 0
0 5 54 7 3 5 4 2 0 6 1
0 5 54 7 6 1 4 3 0 5 2
0 7 55 0 1 4 3 5 6 7 2
0 9 55 0 2 4 1 3 6 5 7
0 7 55 0 3 5 2 4 6 1 7
0 8 55 0 4 3 2 1 6 5 7
0 6 55 0 7 1 4 2 3 6 5
0 8 55 1 0 4 2 3 6 7 5
0 7 55 1 0 4 5 3 6 7 2
0 8 55 1 0 5 3 2 4 6 7
0 10 55 1 2 3 5 0 4 6 7
0 9 55 1 3 0 2 4 6 5 7
0 7 55 1 3 4 5 2 0 6 7
0 8 55 1 4 0 3 2 6 7 5
0 6 55 1 4 0 7 2 6 5 3
0 8 55 1 4 3 5 2 0 6 7
0 8 55 1 4 3 7 2 6 0 5
0 8 55 1 4 5 2 3 6 7 0
0 8 55 1 5 0 2 3 6 7 4
0 8 55 1 5 7 3 2 6 0 4
0 7 55 2 0 1 3 7 6 5 4
0 8 55 2 0 3 1 4 6 7 5
0 6 55 2 0 3 1 7 6 5 4
0 7 55 2 1 4 3 6 5 7 0
0 7 55 2 1 5 4 6 0 3 7
0 7 55 2 1 5 4 7 0 6 3
0 7 55 2 3 1 0 4 5 7 6
0 7 55 2 3 1 5 6 0 7 4
0 6 55 2 3 7 0 4 6 5 1
0 8 55 3 0 5 4 7 1 2 6
0 5 55 3 0 6 1 4 2 5 7
0 7 55 3 1 4 5 6 7 0 2
0 9 55 3 1 5 0 7 2 4 6
0 7 55 3 1 5 2 6 0 4 7
0 7 55 3 1 5 6 4 2 7 0
0 9 55 3 1 5 7 2 4 6 0
0 7 55 3 1 6 4 7 2 0 5
0 6 55 3 5 6 4 2 1 0 7
0 6 55 3 6 1 7 2 0 5 4
0 6 55 4 0 1 5 3 6 7 2
0 7 55 4 1 5 3 0 2 6 7
0 7 55 4 1 5 3 0 6 7 2
0 8 55 4 1 5 3 7 2 6 0
0 7 55 4 2 1 7 6 3 5 0
0 8 55 4 2 3 1 6 0 5 7
0 7 55 5 3 1 0 4 6 7 2
0 8 55 5 3 1 4 2 6 0 7
0 8 55 6 0 3 1 4 2 5 7
0 7 55 6 1 5 3 2 7 0 4
0 5 55 6 3 0 1 4 2 5 7
0 7 55 6 3 1 5 4 0 7 2
0 5 55 7 0 3 4 2 6 1 5
0 7 55 7 1 5 4 0 2 6 3
0 8 55 7 2 1 5 4 3 6 0
0 8 55 7 2 3 1 0 6 5 4
0 6 55 7 3 1 4 6 5 2 0
0 6 55 7 3 5 1 2 0 6 4
0 8 56 0 1 7 5 2 6 4 3
0 8 56 0 2 1 4 3 5 7 6
0 8 56 0 2 5 1 4 3 6 7
0 7 56 0 2 5 4 1 6 7 3
0 7 56 0 4 2 3 1 6 5 7
0 7 56 1 0 4 3 6 2 5 7
0 8 56 1 0 5 7 2 6 4 3
0 7 56 1 3 5 4 0 6 7 2
0 8 56 1 3 5 4 7 2 6 0
0 8 56 1 4 3 2 7 6 5 0
0 8 56 1 4 5 2 3 0 6 7
0 7 56 1 5 4 0 2 6 7 3
0 7 56 1 6 4 2 3 5 0 7
0 7 56 2 1 0 3 7 6 4 5
0 7 56 2 1 4 5 6 0 7 3
0 8 56 2 3 0 1 5 4 6 7
0 8 56 2 3 1 4 5 6 7 0
0 8 56 2 3 1 5 7 4 0 6
0 6 56 2 3 4 0 7 6 1 5
0 7 56 2 3 4 5 0 1 6 7
0 7 56 2 3 4 5 1 6 0 7
0 7 56 2 3 5 7 4 6 1 0
0 7 56 2 4 1 5 0 3 6 7
0 6 56 3 0 1 4 2 5 7 6
0 8 56 3 0 1 5 7 2 6 4
0 7 56 3 0 5 2 1 6 4 7
0 7 56 3 0 7 4 2 1 6 5
0 8 56 3 1 0 5 7 2 4 6
0 7 56 3 1 0 6 4 2 5 7
0 8 56 3 1 4 0 7 2 5 6
0 7 56 3 1 4 2 6 0 7 5
0 8 56 3 1 4 5 7 0 2 6
0 7 56 3 1 4 5 7 6 2 0
0 7 56 3 1 4 7 5 6 0 2
0 8 56 3 1 5 0 6 7 2 4
0 6 56 3 1 5 4 6 0 2 7
0 7 56 3 1 6 5 4 2 0 7
0 9 56 3 1 7 5 4 2 6 0
0 7 56 3 4 0 5 1 2 6 7
0 7 56 3 5 0 2 1 6 7 4
0 6 56 3 6 1 4 7 0 5 2
0 7 56 4 0 1 5 2 6 7 3
0 5 56 4 0 3 7 2 6 5 1
0 7 56 4 1 5 0 7 2 6 3
0 8 56 4 2 3 1 7 6 5 0
0 6 56 4 3 1 0 5 2 6 7
0 6 56 4 3 1 2 0 6 7 5
0 6 56 4 3 1 5 6 0 7 2
0 6 56 4 6 0 1 2 3 5 7
0 7 56 5 1 4 0 3 2 6 7
0 8 56 5 2 1 0 4 3 6 7
0 7 56 5 3 1 7 2 6 0 4
0 7 56 6 1 4 3 2 0 7 5
0 7 56 6 1 5 3 2 0 4 7
0 5 56 6 3 1 5 4 2 0 7
0 5 56 6 3 1 7 4 2 5 0
0 6 56 7 0 4 3 1 6 5 2
0 7 56 7 1 0 4 3 2 6 5
0 7 56 7 1 3 5 2 6 0 4
0 8 56 7 1 4 2 6 3 5 0
0 8 56 7 1 5 3 4 2 0 6
0 8 56 7 2 0 1 4 6 5 3
0 7 56 7 2 1 0 6 3 5 4
0 5 56 7 3 4 0 2 6 1 5
0 5 56 7 6 1 3 4 2 5 0
0 8 57 0 1 5 4 6 7 2 3
0 8 57 0 1 5 7 4 6 2 3
0 7 57 0 3 1 2 6 5 7 4
0 7 57 0 3 1 4 5 2 6 7
0 7 57 0 3 1 5 7 2 6 4
0 7 57 0 3 4 5 1 6 7 2
0 6 57 0 4 3 5 2 6 1 7
0 8 57 1 0 4 3 5 2 6 7
0 7 57 1 0 4 3 7 6 5 2
0 8 57 1 0 5 2 3 6 4 7
0 8 57 1 0 5 3 7 2 6 4
0 9 57 1 4 0 2 6 3 5 7
0 8 57 1 4 3 2 6 0 5 7
0 8 57 1 4 3 7 0 6 5 2
0 8 57 1 4 5 0 2 6 7 3
0 7 57 1 5 0 4 3 6 7 2
0 8 57 2 0 1 3 6 5 4 7
0 7 57 2 0 1 7 4 3 6 5
0 8 57 2 0 3 1 6 4 5 7
0 8 57 2 0 4 3 1 6 7 5
0 8 57 2 0 4 6 1 3 5 7
0 7 57 2 1 3 0 7 6 5 4
0 8 57 2 1 5 3 7 0 6 4
0 8 57 2 1 5 7 0 6 4 3
0 7 57 2 3 1 4 5 0 7 6
0 8 57 2 3 1 4 6 0 7 5
0 8 57 2 3 1 7 5 4 6 0
0 7 57 2 3 4 7 1 6 5 0
0 7 57 2 3 5 4 0 6 1 7
0 7 57 2 3 5 4 1 0 6 7
0 6 57 2 3 5 4 7 6 1 0
0 7 57 2 3 7 5 4 6 0 1
0 7 57 3 0 1 2 6 5 4 7
0 7 57 3 0 1 4 6 5 7 2
0 6 57 3 0 4 7 6 1 5 2
0 8 57 3 1 0 2 6 7 5 4
0 7 57 3 1 0 4 5 6 7 2
0 8 57 3 1 0 4 6 7 2 5
0 8 57 3 1 0 6 7 2 5 4
0 6 57 3 1 4 5 6 2 0 7
0 7 57 3 1 4 6 5 2 0 7
0 6 57 3 1 4 7 6 2 5 0
0 9 57 3 1 5 0 4 7 2 6
0 9 57 3 1 5 2 0 7 4 6
0 7 57 3 1 5 6 4 0 2 7
0 10 57 3 1 5 7 2 4 0 6
0 9 57 3 1 5 7 6 0 2 4
0 10 57 3 1 5 7 6 4 2 0
0 8 57 3 1 7 4 5 2 6 0
0 8 57 3 1 7 5 4 6 2 0
0 8 57 3 2 4 1 0 6 5 7
0 7 57 3 4 1 5 2 0 6 7
0 7 57 3 6 1 5 2 4 0 7
0 5 57 3 6 1 5 4 2 7 0
0 7 57 3 6 5 2 1 0 7 4
0 6 57 4 0 1 7 2 3 6 5
0 8 57 4 0 2 1 6 3 5 7
0 6 57 4 3 1 0 5 6 7 2
0 7 57 4 3 5 0 1 2 6 7
0 6 57 4 3 5 1 0 6 7 2
0 5 57 4 6 0 1 3 2 5 7
0 5 57 4 6 1 3 0 2 5 7
0 8 57 5 1 4 3 2 6 0 7
0 7 57 5 1 4 7 2 6 0 3
0 8 57 5 3 1 4 0 6 7 2
0 8 57 5 3 1 7 2 6 4 0
0 6 57 6 1 0 3 2 5 4 7
0 6 57 6 1 4 2 7 0 5 3
0 7 57 6 1 5 3 0 2 7 4
0 7 57 6 1 5 3 4 0 7 2
0 8 57 6 1 5 7 2 0 4 3
0 8 57 6 2 3 1 0 4 5 7
0 6 57 6 3 1 7 2 5 0 4
0 6 57 7 1 0 4 2 3 6 5
0 6 57 7 1 0 4 2 6 5 3
0 8 57 7 1 5 0 2 6 4 3
0 8 57 7 1 5 3 0 2 6 4
0 7 57 7 3 4 5 2 1 6 0
0 7 57 7 4 1 5 2 3 6 0
0 8 58 0 1 4 2 5 6 7 3
0 7 58 0 1 4 2 6 5 7 3
0 9 58 0 1 5 4 3 7 2 6
0 7 58 0 2 1 4 7 3 6 5
0 8 58 0 3 1 2 4 5 7 6
0 7 58 0 3 4 2 6 5 1 7
0 6 58 0 3 4 7 1 6 5 2
0 8 58 0 3 5 1 2 4 6 7
0 7 58 0 3 5 4 6 1 7 2
0 6 58 0 6 4 3 2 1 5 7
0 8 58 1 4 5 3 0 6 7 2
0 8 58 1 5 0 3 2 6 4 7
0 8 58 1 5 0 3 4 2 6 7
0 9 58 1 5 7 3 2 6 4 0
0 7 58 1 6 4 5 2 0 7 3
0 8 58 1 6 5 2 3 0 7 4
0 7 58 1 6 5 4 3 0 7 2
0 8 58 2 0 5 1 3 4 6 7
0 8 58 2 1 0 4 3 5 7 6
0 8 58 2 1 4 3 5 6 7 0
0 7 58 2 1 4 3 7 0 6 5
0 8 58 2 3 1 0 5 6 4 7
0 7 58 2 3 4 0 6 1 5 7
0 6 58 2 3 4 1 7 6 5 0
0 7 58 2 3 5 0 4 1 6 7
0 7 58 2 3 5 4 1 6 7 0
0 7 58 2 4 3 1 6 0 5 7
0 8 58 2 5 0 1 4 3 6 7
0 7 58 2 5 0 4 1 6 7 3
0 9 58 3 0 1 2 5 4 6 7
0 6 58 3 0 1 6 4 2 5 7
0 7 58 3 0 4 5 6 1 7 2
0 7 58 3 1 4 5 7 0 6 2
0 6 58 3 1 4 6 0 2 5 7
0 7 58 3 2 4 5 1 0 6 7
0 8 58 3 2 4 5 1 6 0 7
0 8 58 3 2 4 7 1 6 5 0
0 8 58 3 5 0 7 2 1 6 4
0 7 58 3 5 7 4 1 6 0 2
0 5 58 3 6 1 5 7 2 0 4
0 5 58 3 6 5 1 4 2 0 7
0 6 58 4 0 3 5 2 6 7 1
0 7 58 4 1 5 6 3 2 0 7
0 7 58 4 1 5 7 2 6 3 0
0 7 58 4 1 5 7 3 6 0 2
0 6 58 4 3 0 1 6 2 5 7
0 6 58 4 3 5 0 2 6 7 1
0 6 58 4 3 5 1 0 2 6 7
0 5 58 4 3 7 0 2 6 5 1
0 8 58 5 1 0 3 2 6 7 4
0 7 58 5 1 0 4 2 6 7 3
0 7 58 5 1 4 0 3 6 7 2
0 8 58 5 1 4 2 3 6 7 0
0 8 58 5 3 1 0 2 4 6 7
0 7 58 5 3 1 4 6 0 7 2
0 7 58 5 4 1 0 2 3 6 7
0 6 58 6 0 1 7 2 3 5 4
0 6 58 6 0 4 3 1 2 5 7
0 6 58 6 1 5 4 2 7 0 3
0 7 58 7 1 0 2 3 6 4 5
0 8 58 7 1 4 3 5 2 6 0
0 8 58 7 2 3 0 4 6 5 1
0 7 58 7 3 1 0 5 2 6 4
0 6 58 7 3 1 4 0 2 5 6
0 6 58 7 3 1 4 6 2 0 5
0 9 58 7 3 1 5 2 4 0 6
0 7 58 7 3 1 5 6 0 4 2
0 7 58 7 3 5 4 2 1 0 6
0 7 59 0 1 3 7 2 6 5 4
0 9 59 0 1 5 3 2 4 6 7
0 8 59 0 2 1 4 7 3 5 6
0 8 59 0 3 1 2 5 6 7 4
0 8 59 0 3 1 5 7 4 6 2
0 7 59 0 3 1 5 7 6 4 2
0 7 59 0 3 1 7 2 6 4 5
0 6 59 0 3 4 2 7 6 5 1
0 7 59 0 3 5 1 2 6 4 7
0 6 59 0 3 5 4 2 6 1 7
0 8 59 0 3 5 7 2 1 6 4
0 8 59 0 4 5 3 2 6 7 1
0 5 59 0 6 1 3 2 5 7 4
0 8 59 0 6 3 1 2 4 5 7
0 11 59 1 0 3 5 2 4 6 7
0 11 59 1 2 3 0 5 4 6 7
0 10 59 1 2 3 7 4 0 6 5
0 8 59 1 2 4 5 3 0 6 7
0 9 59 1 2 4 5 3 6 0 7
0 10 59 1 3 5 2 4 6 0 7
0 9 59 1 3 5 4 7 2 0 6
0 8 59 1 4 0 5 3 2 6 7
0 9 59 1 4 2 3 6 0 5 7
0 8 59 1 4 5 3 0 2 6 7
0 8 59 1 5 3 0 2 6 7 4
0 8 59 1 5 7 4 2 6 3 0
0 7 59 1 6 0 3 2 5 4 7
0 6 59 1 6 4 7 2 0 5 3
0 7 59 2 0 1 5 7 3 6 4
0 7 59 2 0 3 4 6 5 7 1
0 8 59 2 1 0 5 6 3 4 7
0 8 59 2 1 3 0 6 5 4 7
0 8 59 2 1 4 3 5 0 6 7
0 8 59 2 1 4 3 6 0 7 5
0 8 59 2 1 4 6 3 0 5 7
0 7 59 2 3 0 1 6 5 7 4
0 8 59 2 3 1 0 7 4 6 5
0 7 59 2 3 1 0 7 6 4 5
0 7 59 2 3 1 7 0 4 6 5
0 8 59 2 3 5 1 7 4 6 0
0 6 59 2 3 5 4 7 0 6 1
0 7 59 2 3 5 4 7 1 6 0
0 7 59 2 4 3 1 7 6 5 0
0 7 59 2 6 3 5 4 0 1 7
0 8 59 3 0 1 4 5 2 6 7
0 8 59 3 0 7 5 2 1 6 4
0 9 59 3 1 0 5 7 6 4 2
0 7 59 3 1 2 0 6 5 4 7
0 7 59 3 1 2 5 7 6 0 4
0 8 59 3 1 4 7 5 2 0 6
0 7 59 3 1 4 7 6 5 2 0
0 9 59 3 1 5 0 7 6 2 4
0 8 59 3 1 5 2 0 7 6 4
0 9 59 3 1 5 6 0 2 4 7
0 9 59 3 1 5 6 0 7 2 4
0 10 59 3 1 5 7 0 2 4 6
0 9 59 3 1 6 5 7 2 4 0
0 7 59 3 1 7 2 6 0 5 4
0 8 59 3 1 7 4 6 0 5 2
0 8 59 3 1 7 5 4 0 6 2
0 8 59 3 2 4 0 6 1 5 7
0 7 59 3 4 0 5 1 6 7 2
0 7 59 3 5 4 0 1 2 6 7
0 7 59 3 6 1 5 0 2 4 7
0 5 59 3 6 1 5 4 0 2 7
0 5 59 3 6 1 7 0 2 5 4
0 5 59 3 6 1 7 4 2 0 5
0 8 59 4 0 1 3 2 6 7 5
0 8 59 4 0 1 6 2 3 5 7
0 7 59 4 1 0 5 3 6 7 2
0 7 59 4 1 7 5 2 6 0 3
0 6 59 4 3 1 5 6 2 0 7
0 6 59 4 3 1 7 6 2 5 0
0 6 59 4 3 7 5 2 6 0 1
0 8 59 5 1 4 3 0 6 7 2
0 6 59 5 3 1 4 2 0 7 6
0 7 59 5 3 1 4 7 2 6 0
0 5 59 6 0 1 4 2 5 7 3
0 6 59 6 0 5 4 2 1 7 3
0 6 59 6 1 4 3 7 2 5 0
0 6 59 6 1 5 4 0 2 7 3
0 8 59 6 2 3 1 4 5 0 7
0 5 59 6 3 1 0 2 5 7 4
0 5 59 6 3 1 0 7 2 5 4
0 5 59 6 3 1 4 7 2 0 5
0 6 59 6 3 1 4 7 5 0 2
0 6 59 6 3 1 7 0 2 5 4
0 7 59 7 1 4 2 3 0 6 5
0 8 59 7 1 5 4 3 0 2 6
0 7 59 7 2 0 4 6 3 5 1
0 9 59 7 2 1 5 3 4 6 0
0 6 59 7 3 1 0 4 2 6 5
0 6 59 7 3 5 0 2 6 1 4
0 7 60 0 1 4 7 3 2 6 5
0 9 60 0 1 5 2 6 7 4 3
0 8 60 0 1 5 2 7 6 4 3
0 9 60 0 1 5 6 7 2 4 3
0 7 60 0 1 7 2 3 6 5 4
0 8 60 0 2 5 3 1 6 7 4
0 7 60 0 3 1 4 2 7 6 5
0 8 60 0 4 3 7 2 6 5 1
0 7 60 0 4 5 1 2 3 6 7
0 5 60 0 6 1 7 4 2 5 3
0 7 60 0 6 4 3 1 2 5 7
0 9 60 1 0 4 5 2 6 3 7
0 7 60 1 0 4 6 2 3 5 7
0 9 60 1 0 5 7 3 2 6 4
0 10 60 1 2 0 7 4 6 3 5
0 9 60 1 2 4 7 3 6 5 0
0 8 60 1 2 5 4 0 3 6 7
0 8 60 1 3 5 0 4 6 7 2
0 9 60 1 4 2 3 7 6 5 0
0 8 60 1 5 0 4 2 3 6 7
0 9 60 1 5 7 2 3 6 0 4
0 9 60 1 5 7 3 2 0 6 4
0 7 60 1 6 4 0 3 2 5 7
0 8 60 1 6 5 3 2 7 0 4
0 7 60 2 0 1 4 3 7 6 5
0 9 60 2 0 3 1 5 4 6 7
0 7 60 2 0 3 7 4 6 1 5
0 8 60 2 0 5 3 4 1 6 7
0 7 60 2 0 5 4 6 1 7 3
0 8 60 2 3 0 1 4 5 7 6
0 7 60 2 3 1 5 0 7 6 4
0 8 60 2 3 1 5 6 0 4 7
0 6 60 2 3 1 6 4 0 5 7
0 7 60 2 3 1 7 6 5 0 4
0 7 60 2 3 4 1 6 5 0 7
0 6 60 2 3 4 5 7 6 0 1
0 7 60 2 3 4 6 0 5 1 7
0 8 60 2 3 5 0 1 4 6 7
0 8 60 2 3 7 1 4 6 0 5
0 7 60 2 5 3 4 6 0 1 7
0 7 60 2 6 4 3 0 1 5 7
0 7 60 3 0 1 2 7 6 4 5
0 7 60 3 0 5 1 2 6 7 4
0 9 60 3 0 5 4 1 7 2 6
0 9 60 3 0 5 7 4 1 2 6
0 8 60 3 0 5 7 4 1 6 2
0 8 60 3 1 0 2 5 6 7 4
0 7 60 3 1 0 2 6 5 7 4
0 9 60 3 1 0 2 6 7 4 5
0 9 60 3 1 0 6 7 2 4 5
0 7 60 3 1 4 2 0 5 7 6
0 10 60 3 1 5 0 7 4 2 6
0 11 60 3 1 5 7 2 0 4 6
0 9 60 3 1 7 0 5 2 6 4
0 10 60 3 1 7 5 4 2 0 6
0 9 60 3 1 7 5 6 0 4 2
0 6 60 3 4 0 7 1 6 5 2
0 7 60 3 4 5 0 2 1 6 7
0 7 60 3 4 5 2 1 6 7 0
0 7 60 3 5 0 4 6 1 7 2
0 7 60 3 5 6 4 1 2 0 7
0 7 60 3 6 1 4 0 2 7 5
0 5 60 3 6 1 7 2 5 0 4
0 6 60 3 6 4 2 0 1 5 7
0 7 60 4 1 5 7 2 0 6 3
0 6 60 4 3 1 0 2 5 7 6
0 7 60 4 3 1 5 7 2 0 6
0 6 60 4 3 1 6 0 2 5 7
0 6 60 4 3 1 7 0 2 6 5
0 6 60 4 3 1 7 6 5 0 2
0 6 60 4 3 5 7 2 6 1 0
0 5 60 4 6 1 5 3 2 0 7
0 5 60 4 6 1 7 3 2 5 0
0 6 60 4 6 3 1 0 2 5 7
0 7 60 5 1 4 2 0 6 7 3
0 9 60 5 2 1 0 3 4 6 7
0 8 60 5 3 0 4 2 6 7 1
0 7 60 5 3 1 2 0 6 7 4
0 7 60 5 3 4 0 2 1 6 7
0 6 60 6 0 1 4 7 3 5 2
0 5 60 6 0 3 4 2 5 1 7
0 7 60 6 0 5 3 2 1 7 4
0 6 60 6 1 4 3 2 5 7 0
0 7 60 6 1 4 3 7 0 5 2
0 7 60 6 1 4 5 3 0 7 2
0 5 60 6 3 1 4 0 5 7 2
0 7 60 6 3 1 5 2 7 0 4
0 6 60 6 4 0 3 2 1 5 7
0 7 60 7 0 1 3 2 6 4 5
0 7 60 7 0 1 5 3 2 6 4
0 8 60 7 1 3 5 2 6 4 0
0 7 60 7 1 4 3 0 2 6 5
0 7 60 7 1 4 3 6 5 0 2
0 7 60 7 3 1 0 5 6 4 2
0 6 60 7 3 1 0 6 2 5 4
0 7 60 7 3 1 4 5 2 0 6
0 8 60 7 3 1 5 4 2 0 6
0 7 60 7 3 4 2 1 6 0 5
0 5 60 7 3 4 5 2 6 0 1
0 7 60 7 3 5 0 2 1 6 4
0 7 60 7 3 5 4 0 1 6 2
0 7 60 7 4 3 1 2 6 0 5
0 8 61 0 1 4 3 7 2 6 5
0 7 61 0 1 7 3 2 6 4 5
0 9 61 0 2 1 3 6 5 4 7
0 9 61 0 2 3 1 6 4 5 7
0 8 61 0 2 4 5 1 6 7 3
0 7 61 0 3 1 4 6 5 2 7
0 8 61 0 3 4 2 1 6 7 5
0 5 61 0 6 1 3 7 2 5 4
0 9 61 1 0 3 2 6 4 5 7
0 10 61 1 2 3 7 6 0 5 4
0 9 61 1 2 4 3 6 5 0 7
0 8 61 1 3 4 2 7 6 0 5
0 8 61 1 3 4 5 0 2 6 7
0 9 61 1 3 5 0 7 2 6 4
0 9 61 1 4 0 2 3 6 7 5
0 7 61 1 4 0 2 7 6 5 3
0 9 61 1 4 0 5 3 6 2 7
0 9 61 1 4 2 5 3 0 6 7
0 9 61 1 4 3 0 2 6 7 5
0 9 61 1 5 0 3 2 4 6 7
0 8 61 1 5 7 4 2 0 6 3
0 9 61 1 6 3 2 4 0 5 7
0 8 61 1 6 4 3 2 0 7 5
0 7 61 1 6 4 3 7 2 5 0
0 8 61 1 6 5 3 2 0 4 7
0 7 61 2 0 1 7 6 3 5 4
0 8 61 2 0 5 1 3 6 7 4
0 8 61 2 1 0 4 5 6 7 3
0 8 61 2 1 0 4 6 3 7 5
0 8 61 2 1 4 5 6 0 3 7
0 7 61 2 1 5 4 6 7 0 3
0 8 61 2 1 6 5 4 3 0 7
0 8 61 2 3 0 1 5 6 7 4
0 8 61 2 3 0 5 7 4 6 1
0 7 61 2 3 0 5 7 6 4 1
0 7 61 2 3 1 4 5 7 6 0
0 6 61 2 3 1 4 7 0 5 6
0 7 61 2 3 1 6 0 5 7 4
0 8 61 2 3 1 6 5 4 0 7
0 7 61 2 3 4 0 6 5 7 1
0 7 61 2 3 5 1 7 6 4 0
0 8 61 2 4 3 0 6 1 5 7
0 8 61 2 4 3 5 1 6 0 7
0 8 61 2 6 3 0 1 4 5 7
0 6 61 2 6 3 4 7 0 5 1
0 8 61 3 0 1 7 4 2 6 5
0 8 61 3 0 5 1 4 6 7 2
0 9 61 3 0 5 7 6 1 4 2
0 8 61 3 1 0 7 5 2 6 4
0 8 61 3 1 4 2 5 6 0 7
0 8 61 3 1 4 5 6 7 2 0
0 9 61 3 1 5 0 6 7 4 2
0 10 61 3 1 5 2 4 7 0 6
0 7 61 3 1 5 4 0 2 7 6
0 10 61 3 1 5 7 6 2 0 4
0 9 61 3 1 6 5 7 0 2 4
0 9 61 3 2 5 7 1 0 6 4
0 7 61 3 4 2 5 1 6 0 7
0 7 61 3 4 2 7 1 6 5 0
0 9 61 3 5 0 7 1 2 6 4
0 7 61 3 5 4 7 2 1 6 0
0 5 61 3 6 0 1 2 5 7 4
0 7 61 3 6 1 4 2 7 0 5
0 6 61 3 6 4 2 1 5 0 7
0 6 61 3 6 4 7 1 0 5 2
0 7 61 4 1 0 7 2 6 5 3
0 8 61 4 1 3 0 2 6 7 5
0 7 61 4 3 5 0 1 6 7 2
0 7 61 4 3 5 7 2 1 6 0
0 5 61 4 6 1 0 2 5 7 3
0 6 61 4 6 1 5 2 3 0 7
0 6 61 4 6 1 7 2 3 5 0
0 6 61 4 6 3 1 2 5 0 7
0 7 61 5 3 0 1 2 6 7 4
0 9 61 5 3 1 2 4 6 0 7
0 9 61 5 3 1 7 2 4 6 0
0 8 61 5 3 1 7 4 6 0 2
0 7 61 6 0 1 5 2 3 7 4
0 7 61 6 1 5 4 3 7 0 2
0 5 61 6 3 0 4 2 5 7 1
0 8 61 6 3 1 2 4 0 7 5
0 6 61 6 3 1 4 0 7 5 2
0 6 61 7 0 3 5 2 6 1 4
0 8 61 7 1 0 3 4 2 6 5
0 7 61 7 1 3 0 2 6 4 5
0 7 61 7 1 4 3 6 2 5 0
0 8 61 7 1 4 5 3 2 0 6
0 8 61 7 1 5 6 3 2 0 4
0 8 61 7 2 3 5 4 6 1 0
0 6 61 7 3 1 6 4 2 5 0
0 7 61 7 3 4 2 6 1 5 0
0 5 61 7 6 1 0 3 2 5 4
0 5 61 7 6 1 4 3 2 0 5
0 8 62 0 1 2 3 6 5 4 7
0 8 62 0 1 4 3 6 5 7 2
0 9 62 0 1 4 3 7 2 5 6
0 8 62 0 1 4 7 5 2 6 3
0 10 62 0 1 5 2 3 7 4 6
0 10 62 0 1 5 3 7 2 4 6
0 7 62 0 1 5 4 6 2 7 3
0 9 62 0 1 5 7 3 6 2 4
0 8 62 0 1 7 4 3 2 6 5
0 8 62 0 1 7 4 3 6 5 2
0 12 62 0 2 3 1 5 4 6 7
0 7 62 0 2 3 4 7 6 1 5
0 10 62 0 2 3 7 1 6 5 4
0 9 62 0 2 5 1 3 4 6 7
0 9 62 0 3 1 2 5 6 4 7
0 8 62 0 3 1 2 6 5 4 7
0 9 62 0 3 1 4 5 6 7 2
0 8 62 0 3 5 2 6 1 7 4
0 9 62 0 3 5 7 1 2 6 4
0 6 62 0 3 6 1 4 2 5 7
0 5 62 0 3 6 4 2 5 1 7
0 7 62 0 6 4 2 3 1 5 7
0 7 62 0 7 1 3 2 6 5 4
0 7 62 0 7 1 5 2 3 6 4
0 5 62 0 7 3 4 2 6 5 1
0 10 62 1 0 3 7 2 6 5 4
0 8 62 1 0 4 3 5 6 7 2
0 8 62 1 0 4 5 7 2 6 3
0 12 62 1 2 0 3 5 4 6 7
0 9 62 1 2 5 0 4 3 6 7
0 8 62 1 3 0 2 7 6 5 4
0 8 62 1 3 4 2 6 5 0 7
0 8 62 1 3 5 4 6 0 7 2
0 9 62 1 4 2 5 3 6 7 0
0 9 62 1 4 3 5 0 6 7 2
0 9 62 1 4 5 0 2 6 3 7
0 8 62 1 4 7 5 2 6 0 3
0 9 62 1 5 3 7 2 6 0 4
0 8 62 1 5 4 0 3 2 6 7
0 8 62 1 5 4 3 2 6 7 0
0 7 62 1 6 4 3 2 5 7 0
0 8 62 1 6 5 3 0 2 7 4
0 8 62 2 0 1 4 5 3 7 6
0 8 62 2 0 1 5 6 3 7 4
0 8 62 2 1 0 3 6 5 7 4
0 8 62 2 1 4 3 0 5 7 6
0 8 62 2 1 4 5 6 3 7 0
0 8 62 2 1 4 6 7 3 5 0
0 8 62 2 1 4 7 0 3 5 6
0 8 62 2 1 5 3 6 7 0 4
0 7 62 2 3 1 0 4 7 6 5
0 8 62 2 3 1 7 5 6 0 4
0 7 62 2 3 7 0 4 6 1 5
0 8 62 2 4 3 7 1 6 5 0
0 8 62 2 5 0 3 1 6 7 4
0 7 62 2 6 4 3 1 5 0 7
0 9 62 3 0 1 2 4 5 7 6
0 8 62 3 0 1 4 6 7 5 2
0 9 62 3 0 1 7 4 2 5 6
0 7 62 3 0 4 7 1 2 6 5
0 7 62 3 1 0 4 2 5 7 6
0 7 62 3 1 0 4 6 2 7 5
0 7 62 3 1 2 0 7 6 4 5
0 7 62 3 1 4 0 6 5 7 2
0 8 62 3 1 4 7 5 6 2 0
0 9 62 3 1 5 2 4 7 6 0
0 11 62 3 1 5 7 6 2 4 0
0 8 62 3 1 6 7 4 2 0 5
0 8 62 3 1 7 0 4 2 6 5
0 9 62 3 1 7 0 5 6 4 2
0 7 62 3 1 7 2 0 6 4 5
0 9 62 3 1 7 4 5 2 0 6
0 7 62 3 4 2 0 6 1 5 7
0 7 62 3 5 4 0 1 6 7 2
0 8 62 3 5 7 2 1 6 0 4
0 5 62 3 6 0 5 4 2 1 7
0 8 62 3 6 1 5 2 7 0 4
0 8 62 3 6 1 5 4 0 7 2
0 7 62 3 6 1 7 4 0 5 2
0 7 62 3 6 4 5 1 0 7 2
0 7 62 4 0 3 1 2 6 7 5
0 9 62 4 1 5 3 7 2 0 6
0 8 62 4 1 5 7 3 2 0 6
0 8 62 4 1 7 3 2 6 0 5
0 7 62 4 1 7 3 2 6 5 0
0 8 62 4 2 3 5 0 6 1 7
0 7 62 4 3 0 5 2 1 6 7
0 7 62 4 5 0 1 2 3 6 7
0 8 62 5 1 4 3 0 2 6 7
0 8 62 5 1 4 7 3 2 6 0
0 8 62 5 2 3 0 4 6 1 7
0 8 62 5 3 0 1 2 6 4 7
0 7 62 5 3 1 0 4 2 6 7
0 8 62 5 3 1 7 2 0 6 4
0 7 62 5 7 1 4 2 3 6 0
0 5 62 6 0 1 4 7 2 5 3
0 7 62 6 0 3 1 2 4 5 7
0 7 62 6 0 4 2 1 3 5 7
0 7 62 6 1 0 2 3 5 4 7
0 5 62 6 3 0 4 7 2 5 1
0 7 62 6 3 1 5 0 2 7 4
0 5 62 6 3 4 0 2 5 1 7
0 7 62 6 3 5 4 1 0 7 2
0 7 62 7 0 1 5 3 6 4 2
0 8 62 7 1 0 4 3 2 5 6
0 8 62 7 1 3 5 2 0 6 4
0 8 62 7 1 5 0 4 2 6 3
0 8 62 7 2 4 3 6 1 5 0
0 7 62 7 3 0 2 1 6 5 4
0 7 62 7 3 1 2 0 6 4 5
0 7 62 7 3 4 0 1 6 5 2
0 8 62 7 3 4 5 1 2 6 0
0 8 62 7 3 5 4 1 2 0 6
0 7 62 7 4 3 1 0 6 5 2
0 9 63 0 1 3 2 6 5 4 7
0 8 63 0 1 4 2 3 5 7 6
0 8 63 0 1 5 4 6 3 7 2
0 10 63 0 1 5 7 3 4 2 6
0 9 63 0 1 7 5 3 2 6 4
0 9 63 0 2 4 3 1 6 7 5
0 9 63 0 2 4 6 1 3 5 7
0 6 63 0 3 1 7 4 2 5 6
0 7 63 0 3 4 7 2 1 6 5
0 8 63 0 3 5 2 1 6 4 7
0 8 63 0 4 1 5 2 6 7 3
0 7 63 0 4 1 5 3 6 7 2
0 9 63 0 4 2 1 6 3 5 7
0 9 63 0 4 3 5 2 6 7 1
0 9 63 0 6 3 1 4 2 5 7
0 8 63 0 6 4 2 1 3 5 7
0 6 63 0 7 3 1 2 6 5 4
0 8 63 1 0 5 7 4 2 6 3
0 7 63 1 0 7 3 2 6 5 4
0 8 63 1 0 7 4 2 6 5 3
0 12 63 1 2 3 7 5 4 6 0
0 9 63 1 2 4 3 5 0 6 7
0 9 63 1 2 4 3 7 6 0 5
0 8 63 1 3 4 0 7 6 5 2
0 10 63 1 3 5 4 7 0 2 6
0 9 63 1 3 5 7 4 6 0 2
0 9 63 1 4 0 3 5 2 6 7
0 8 63 1 4 0 3 6 2 5 7
0 9 63 1 4 3 5 0 2 6 7
0 9 63 1 5 0 2 3 6 4 7
0 8 63 1 5 0 3 4 6 7 2
0 9 63 1 5 2 0 3 6 7 4
0 8 63 1 5 6 4 3 2 0 7
0 8 63 1 5 7 4 3 6 0 2
0 8 63 1 6 0 2 3 5 4 7
0 8 63 1 6 4 0 2 3 5 7
0 8 63 2 0 1 3 7 6 4 5
0 9 63 2 0 1 4 6 3 7 5
0 8 63 2 0 5 3 6 1 7 4
0 8 63 2 1 3 5 7 6 0 4
0 8 63 2 1 5 0 6 3 7 4
0 8 63 2 1 5 4 0 3 7 6
0 8 63 2 3 0 5 1 6 4 7
0 8 63 2 3 1 5 6 7 0 4
0 9 63 2 3 1 5 7 0 4 6
0 8 63 2 3 1 7 4 5 0 6
0 8 63 2 3 4 0 5 1 6 7
0 8 63 2 3 4 1 6 0 5 7
0 7 63 2 3 4 7 6 5 1 0
0 8 63 2 3 5 0 1 6 7 4
0 7 63 2 3 5 1 7 0 6 4
0 7 63 2 3 5 7 4 0 6 1
0 8 63 2 4 0 5 1 6 7 3
0 8 63 2 4 1 0 5 3 6 7
0 8 63 2 5 1 4 3 0 7 6
0 8 63 2 6 0 1 4 5 3 7
0 7 63 2 6 1 7 3 0 5 4
0 6 63 2 7 1 4 3 6 5 0
0 9 63 3 0 1 5 7 2 4 6
0 7 63 3 0 4 2 7 1 6 5
0 9 63 3 0 5 7 1 6 2 4
0 10 63 3 1 0 2 5 4 6 7
0 7 63 3 1 0 7 6 5 4 2
0 8 63 3 1 2 5 7 6 4 0
0 7 63 3 1 4 2 0 7 6 5
0 9 63 3 1 4 5 0 7 2 6
0 10 63 3 1 5 0 2 7 4 6
0 8 63 3 1 5 0 4 2 7 6
0 7 63 3 1 5 0 6 2 7 4
0 8 63 3 1 5 6 0 2 7 4
0 10 63 3 1 5 6 4 7 2 0
0 9 63 3 1 7 0 4 2 5 6
0 8 63 3 1 7 4 5 6 0 2
0 9 63 3 2 1 4 7 0 5 6
0 8 63 3 4 0 2 1 6 7 5
0 7 63 3 4 5 2 6 1 0 7
0 7 63 3 4 6 5 2 1 0 7
0 7 63 3 5 1 4 2 0 7 6
0 5 63 3 6 0 1 7 2 5 4
0 5 63 3 6 1 4 5 0 7 2
0 7 63 3 6 1 7 2 0 4 5
0 7 63 3 6 5 4 1 7 0 2
0 6 63 3 7 1 4 0 6 5 2
0 6 63 4 0 1 7 6 3 5 2
0 9 63 4 0 3 1 6 2 5 7
0 7 63 4 1 6 5 2 3 0 7
0 8 63 4 2 1 6 3 0 5 7
0 8 63 4 2 5 1 6 3 0 7
0 6 63 4 3 1 0 7 2 5 6
0 7 63 4 3 1 7 5 2 6 0
0 6 63 4 3 5 2 0 6 1 7
0 9 63 5 1 7 3 2 6 0 4
0 9 63 5 2 1 7 4 3 6 0
0 9 63 5 3 1 2 0 4 6 7
0 8 63 5 3 1 2 0 6 4 7
0 8 63 6 0 1 4 2 3 7 5
0 8 63 6 0 1 5 2 3 4 7
0 8 63 6 1 4 2 3 0 7 5
0 6 63 6 1 4 5 2 3 0 7
0 6 63 6 1 4 7 2 3 5 0
0 8 63 6 1 5 2 3 7 0 4
0 8 63 6 1 5 3 2 7 4 0
0 7 63 6 1 5 4 0 3 7 2
0 8 63 6 2 4 3 0 1 5 7
0 7 63 6 3 1 7 4 5 0 2
0 7 63 6 3 5 1 2 0 7 4
0 8 63 7 0 1 4 2 3 5 6
0 7 63 7 0 4 3 2 1 6 5
0 7 63 7 1 0 5 2 3 6 4
0 8 63 7 1 0 5 3 2 6 4
0 7 63 7 1 4 5 2 6 3 0
0 10 63 7 1 5 3 2 4 6 0
0 9 63 7 1 5 3 4 0 2 6
0 8 63 7 2 4 3 1 6 0 5
0 7 63 7 3 0 1 2 6 4 5
0 7 63 7 3 0 4 2 1 6 5
0 6 63 7 3 0 4 6 5 1 2
0 9 63 7 3 5 1 2 4 6 0
0 7 63 7 4 0 1 2 6 5 3
0 7 63 7 6 1 3 2 0 5 4
0 10 64 0 1 3 2 6 4 5 7
0 9 64 0 1 3 5 2 6 4 7
0 7 64 0 1 4 3 2 5 7 6
0 8 64 0 1 4 7 6 3 5 2
0 10 64 0 1 5 3 4 7 2 6
0 8 64 0 1 5 3 6 2 7 4
0 9 64 0 1 5 3 6 7 2 4
0 8 64 0 1 5 6 4 2 7 3
0 10 64 0 1 5 7 2 4 6 3
0 9 64 0 1 5 7 3 4 6 2
0 8 64 0 2 1 7 4 3 6 5
0 8 64 0 2 1 7 6 3 5 4
0 9 64 0 2 4 3 7 6 5 1
0 7 64 0 5 4 3 2 1 6 7
0 13 64 1 0 2 3 5 4 6 7
0 9 64 1 0 4 2 5 6 7 3
0 9 64 1 0 5 7 3 6 4 2
0 10 64 1 2 0 5 3 6 4 7
0 9 64 1 2 5 3 7 0 6 4
0 8 64 1 2 5 4 7 0 6 3
0 9 64 1 3 0 4 7 2 6 5
0 12 64 1 3 0 5 2 4 6 7
0 9 64 1 3 4 5 7 2 6 0
0 9 64 1 3 5 0 2 4 6 7
0 10 64 1 3 5 7 2 4 6 0
