0 0 5 6 3 4 7 1 2 5 0
0 1 10 6 3 0 7 1 2 5 4
0 1 10 6 3 4 7 0 2 5 1
0 1 10 6 3 4 7 1 2 0 5
0 1 11 6 3 4 0 1 2 5 7
0 2 14 6 3 4 7 2 0 5 1
0 2 14 6 3 5 7 1 2 0 4
0 2 15 0 3 4 7 6 2 5 1
0 2 15 6 3 0 7 1 2 4 5
0 2 15 6 3 4 7 1 0 2 5
0 2 16 6 0 3 7 1 2 5 4
0 2 16 6 0 4 7 3 2 5 1
0 2 16 6 3 4 0 7 2 5 1
0 2 16 6 3 7 0 1 2 5 4
0 2 17 0 3 4 6 1 2 5 7
0 2 17 6 3 0 4 1 2 5 7
0 2 17 6 3 4 1 0 2 5 7
0 2 17 6 3 4 5 1 2 0 7
0 3 18 6 3 4 7 2 5 0 1
0 3 18 6 3 5 7 1 2 4 0
0 3 19 6 0 4 7 2 3 5 1
0 3 20 2 3 4 7 6 0 5 1
0 3 20 6 3 4 7 0 1 2 5
0 3 21 3 0 4 7 6 2 5 1
0 3 21 6 0 3 7 1 2 4 5
0 3 21 6 0 4 7 1 3 2 5
0 3 21 6 2 3 7 1 0 5 4
0 3 21 6 3 7 0 1 2 4 5
0 3 21 7 3 4 0 6 2 5 1
0 3 22 0 3 4 6 7 2 5 1
0 4 22 0 3 5 7 1 2 4 6
0 3 22 0 3 7 6 1 2 5 4
0 3 22 0 6 3 7 1 2 5 4
0 3 22 0 6 4 7 3 2 5 1
0 3 22 1 3 4 6 0 2 5 7
0 3 22 6 0 3 4 1 2 5 7
0 3 22 6 2 4 7 3 0 5 1
0 3 22 6 3 0 4 7 2 5 1
0 4 22 6 3 0 7 2 5 4 1
0 3 22 6 3 4 1 2 0 5 7
0 3 22 6 3 4 1 7 2 5 0
0 3 22 6 3 4 5 7 2 0 1
0 4 22 6 3 4 7 2 5 1 0
0 3 22 6 3 5 4 1 2 0 7
0 4 22 6 3 5 7 0 2 4 1
0 3 22 6 3 7 1 0 2 5 4
0 3 22 6 3 7 4 1 2 5 0
0 3 22 6 3 7 5 1 2 0 4
0 3 22 6 4 0 7 3 2 5 1
0 3 23 0 3 4 1 6 2 5 7
0 3 23 2 3 4 6 1 0 5 7
0 3 23 6 3 0 5 1 2 4 7
0 3 23 6 3 4 5 1 0 2 7
0 3 23 6 3 4 5 1 2 7 0
0 4 23 6 3 5 0 1 2 4 7
0 4 24 0 6 4 7 2 3 5 1
0 3 24 3 0 4 6 1 2 5 7
0 3 24 6 0 4 1 3 2 5 7
0 4 24 6 4 0 7 2 3 5 1
0 4 25 0 3 4 7 6 1 2 5
0 5 25 1 3 5 7 0 2 4 6
0 4 25 2 3 4 7 0 6 5 1
0 4 25 2 3 4 7 6 5 0 1
0 4 25 6 3 4 7 5 1 2 0
0 5 25 6 3 5 7 2 0 4 1
0 5 26 0 3 4 7 2 5 1 6
0 5 26 0 3 5 7 6 2 4 1
0 4 26 1 3 4 6 2 0 5 7
0 4 26 2 0 4 7 6 3 5 1
0 5 26 2 3 5 7 1 0 4 6
0 4 26 6 0 4 7 3 1 2 5
0 4 26 6 2 3 4 1 0 5 7
0 4 26 6 2 3 7 0 1 5 4
0 4 26 6 2 3 7 1 0 4 5
0 4 26 6 2 3 7 1 5 0 4
0 5 26 6 3 0 7 2 5 1 4
0 4 26 6 3 4 0 7 1 2 5
0 4 27 0 3 7 6 1 2 4 5
0 4 27 0 6 3 4 1 2 5 7
0 4 27 0 6 3 7 1 2 4 5
0 4 27 0 6 4 7 1 3 2 5
0 6 27 1 3 5 7 2 0 4 6
0 4 27 1 6 3 7 0 2 5 4
0 4 27 1 6 4 7 3 2 5 0
0 5 27 3 0 5 7 1 2 4 6
0 4 27 3 2 4 7 6 0 5 1
0 4 27 3 4 0 7 6 2 5 1
0 4 27 6 0 3 4 7 2 5 1
0 5 27 6 0 3 7 2 5 4 1
0 5 27 6 0 5 7 3 2 4 1
0 5 27 6 3 4 0 2 5 1 7
0 4 27 6 3 4 1 2 5 0 7
0 5 27 6 3 4 7 0 5 1 2
0 5 27 6 3 5 0 7 2 4 1
0 4 27 6 3 5 4 1 0 2 7
0 4 27 6 3 5 4 1 2 7 0
0 4 27 6 3 5 4 7 2 0 1
0 6 27 6 3 5 7 2 4 0 1
0 5 27 6 3 7 0 2 5 4 1
0 4 27 6 3 7 1 0 2 4 5
0 4 27 6 3 7 1 2 0 5 4
0 4 27 6 3 7 4 1 2 0 5
0 4 27 6 3 7 5 1 2 4 0
0 4 27 6 4 0 7 1 3 2 5
0 4 27 6 4 5 7 3 2 0 1
0 4 27 7 3 0 4 6 2 5 1
0 4 27 7 3 4 5 6 2 0 1
0 5 27 7 3 5 0 1 2 4 6
0 5 28 0 3 5 6 1 2 4 7
0 4 28 0 3 7 4 1 2 5 6
0 4 28 1 0 4 6 3 2 5 7
0 7 28 1 3 5 7 2 4 0 6
0 8 28 1 3 5 7 2 4 6 0
