0 0 14 6 3 4 7 1 2 5 0
0 1 22 0 3 4 7 1 2 5 6
0 1 26 6 3 4 0 1 2 5 7
0 1 28 6 3 0 7 1 2 5 4
0 1 29 6 3 4 7 1 2 0 5
0 2 30 1 3 4 7 0 2 5 6
0 2 31 3 0 4 7 1 2 5 6
0 1 32 6 3 4 7 0 2 5 1
0 2 33 0 3 4 6 1 2 5 7
0 2 33 2 3 4 7 1 0 5 6
0 2 34 7 3 4 0 1 2 5 6
0 3 37 1 3 4 7 6 2 5 0
0 2 37 6 3 0 4 1 2 5 7
0 3 38 1 0 4 7 3 2 5 6
0 3 38 1 3 4 0 7 2 5 6
0 2 38 6 3 5 7 1 2 0 4
0 2 39 6 3 4 1 0 2 5 7
0 2 40 6 3 4 5 1 2 0 7
0 3 41 1 3 4 6 0 2 5 7
0 3 41 2 0 4 7 1 3 5 6
0 3 41 3 0 4 6 1 2 5 7
0 3 41 3 4 0 7 1 2 5 6
0 2 41 6 0 3 7 1 2 5 4
0 4 42 1 3 4 5 7 2 0 6
0 3 42 3 2 4 7 1 0 5 6
0 2 42 6 3 0 7 1 2 4 5
0 2 42 6 3 7 0 1 2 5 4
0 3 43 2 3 4 6 1 0 5 7
0 3 43 2 3 4 7 0 1 5 6
0 3 43 7 3 4 5 1 2 0 6
0 3 44 2 3 4 7 1 5 0 6
0 3 44 7 3 4 6 1 2 5 0
0 4 45 0 1 4 7 3 2 5 6
0 4 45 0 3 4 1 7 2 5 6
0 4 45 1 3 0 4 7 2 5 6
0 5 45 1 3 4 5 7 2 6 0
0 2 45 6 3 4 7 1 0 2 5
0 3 45 7 3 4 1 0 2 5 6
0 4 46 1 3 4 6 7 2 5 0
0 3 46 7 3 0 4 1 2 5 6
0 4 47 1 2 4 7 3 0 5 6
0 5 47 1 3 0 5 7 2 4 6
0 4 47 1 3 0 7 6 2 5 4
0 5 47 1 3 4 5 7 0 2 6
0 4 47 1 4 0 7 3 2 5 6
0 3 47 6 0 3 4 1 2 5 7
0 3 47 6 3 5 7 1 2 4 0
0 4 48 0 2 4 7 1 3 5 6
0 4 48 1 0 4 6 3 2 5 7
0 5 48 1 3 5 4 7 2 0 6
0 4 49 3 4 5 7 1 2 0 6
0 3 49 6 0 4 1 3 2 5 7
0 2 49 6 0 4 7 3 2 5 1
0 2 49 6 3 4 0 7 2 5 1
0 3 49 6 3 5 7 1 0 2 4
0 4 50 1 3 4 6 2 0 5 7
0 6 50 1 3 5 4 7 2 6 0
0 5 50 1 3 5 7 6 2 0 4
0 4 50 2 0 4 6 1 3 5 7
0 4 50 2 4 0 7 1 3 5 6
0 4 50 3 4 0 6 1 2 5 7
0 2 50 6 3 4 7 2 0 5 1
0 3 50 6 3 5 4 1 2 0 7
0 5 51 1 0 3 4 7 2 5 6
0 6 51 1 3 0 5 7 2 6 4
0 6 51 1 3 5 0 7 2 4 6
0 4 51 7 3 4 5 1 2 6 0
0 4 52 0 3 4 7 2 1 5 6
0 6 52 1 3 4 5 0 2 6 7
0 6 52 1 3 5 4 7 0 2 6
0 6 52 1 3 5 7 6 2 4 0
0 4 52 2 0 4 7 3 1 5 6
0 4 52 2 3 4 0 7 1 5 6
0 4 52 2 3 4 6 0 1 5 7
0 4 52 3 2 4 6 1 0 5 7
0 4 52 3 2 4 7 1 5 0 6
0 4 52 3 4 7 0 1 2 5 6
0 3 52 6 3 0 5 1 2 4 7
0 3 52 6 3 4 1 7 2 5 0
0 3 53 0 6 3 7 1 2 5 4
0 6 53 1 0 3 5 7 2 4 6
0 6 53 1 3 4 5 0 7 2 6
0 4 53 2 3 0 7 1 5 4 6
0 5 53 3 0 4 1 7 2 5 6
0 4 53 3 2 4 7 0 1 5 6
0 3 53 6 3 4 1 2 0 5 7
0 3 53 6 3 4 5 1 2 7 0
0 3 53 6 3 7 5 1 2 0 4
0 4 53 7 3 0 5 1 2 4 6
0 4 53 7 3 4 5 1 0 2 6
0 5 54 0 1 4 6 3 2 5 7
0 3 54 0 3 7 6 1 2 5 4
0 6 54 1 3 4 0 7 2 6 5
0 7 54 1 3 5 6 7 2 4 0
0 7 54 1 3 5 7 0 2 4 6
0 6 54 1 3 5 7 6 0 2 4
0 5 54 1 4 5 7 3 2 0 6
0 4 54 2 3 4 6 1 5 0 7
0 4 54 2 3 4 7 1 5 6 0
0 5 54 3 1 4 7 0 2 5 6
0 3 54 6 0 3 7 1 2 4 5
0 4 54 7 3 5 4 1 2 0 6
0 5 55 1 2 4 7 0 3 5 6
0 5 55 1 3 4 6 7 2 0 5
0 7 55 1 3 5 0 7 2 6 4
0 5 55 2 1 4 7 3 0 5 6
0 5 55 2 3 4 1 7 0 5 6
0 4 55 2 3 4 7 6 1 5 0
0 3 55 6 3 4 5 1 0 2 7
0 3 55 6 3 7 1 0 2 5 4
0 3 55 6 3 7 4 1 2 5 0
0 4 55 7 3 4 1 2 0 5 6
0 6 56 0 1 3 4 7 2 5 6
0 5 56 0 2 4 6 1 3 5 7
0 6 56 0 3 4 5 7 2 6 1
0 4 56 0 6 3 4 1 2 5 7
0 6 56 1 0 4 5 7 3 2 6
0 5 56 1 0 4 6 2 3 5 7
0 5 56 1 2 4 6 3 0 5 7
0 5 56 1 2 4 7 3 5 0 6
0 5 56 1 3 0 6 7 2 5 4
0 8 56 1 3 5 7 2 0 4 6
0 7 56 1 3 6 5 7 2 0 4
0 5 56 1 3 7 0 6 2 5 4
0 5 56 1 4 0 6 3 2 5 7
0 5 56 3 4 5 7 1 2 6 0
0 3 56 6 2 3 7 1 0 5 4
0 3 56 6 3 7 0 1 2 4 5
0 4 56 7 0 4 1 3 2 5 6
0 5 56 7 1 4 0 3 2 5 6
0 4 56 7 3 4 6 1 2 0 5
0 5 57 0 3 4 5 1 2 6 7
0 5 57 1 0 3 7 6 2 5 4
0 7 57 1 3 5 4 0 2 6 7
0 7 57 1 3 5 4 0 7 2 6
0 9 57 1 3 5 7 2 4 0 6
0 10 57 1 3 5 7 2 4 6 0
