0 0 3 1 0 3 6 5 2 7 4
0 1 5 1 2 3 6 5 0 7 4
0 1 7 0 1 3 6 5 2 7 4
0 1 7 1 3 0 6 5 2 7 4
0 2 8 1 2 3 6 0 5 7 4
0 2 8 1 2 3 6 5 7 0 4
0 3 11 1 2 3 0 6 5 7 4
0 3 11 1 2 3 6 4 5 7 0
0 3 11 1 2 3 6 5 7 4 0
0 2 11 1 3 6 0 5 2 7 4
0 2 11 2 1 3 6 5 0 7 4
0 2 11 4 1 3 6 5 2 7 0
0 2 11 6 1 3 0 5 2 7 4
0 3 12 0 2 3 6 1 5 7 4
0 3 12 1 0 3 6 2 5 7 4
0 3 12 1 2 0 6 5 7 3 4
0 2 12 1 3 7 6 5 2 0 4
0 2 12 5 1 3 6 0 2 7 4
0 4 13 1 2 3 4 6 5 7 0
0 4 14 1 2 3 0 4 5 7 6
0 4 14 1 2 3 0 5 7 4 6
0 3 14 1 3 6 4 5 2 7 0
0 3 14 6 1 3 4 5 2 7 0
0 4 15 0 2 3 1 6 5 7 4
0 4 15 0 2 3 6 4 5 7 1
0 4 15 0 2 3 6 5 7 4 1
0 4 15 1 2 0 3 6 5 7 4
0 4 15 1 2 0 6 4 5 7 3
0 4 15 1 2 0 6 5 7 4 3
0 4 15 1 2 3 6 0 7 4 5
0 4 15 1 2 3 6 4 5 0 7
0 4 15 1 2 3 7 6 5 0 4
0 3 15 1 3 6 7 5 2 0 4
0 3 15 2 0 3 6 5 1 7 4
0 3 15 4 1 3 0 5 2 7 6
0 5 16 0 2 3 4 6 5 7 1
0 3 16 0 3 6 1 5 2 7 4
0 5 16 1 2 0 4 6 5 7 3
0 5 16 1 2 3 4 6 5 0 7
0 4 16 1 2 6 0 5 7 3 4
0 4 16 1 3 0 6 2 5 7 4
0 3 16 1 3 6 5 0 2 7 4
0 4 16 1 5 3 6 2 0 7 4
0 3 16 2 1 3 6 0 5 7 4
0 3 16 2 1 3 6 5 7 0 4
0 3 16 4 1 0 6 5 2 7 3
0 3 16 4 1 3 6 0 2 7 5
0 3 16 4 1 3 6 5 2 0 7
0 4 16 4 2 3 6 1 5 7 0
0 4 16 5 2 3 6 1 0 7 4
0 3 16 6 1 0 3 5 2 7 4
0 3 16 6 1 3 5 0 2 7 4
0 3 16 6 1 3 7 5 2 0 4
0 4 16 6 2 3 0 1 5 7 4
0 4 17 0 1 3 4 5 2 7 6
0 4 17 0 1 3 6 2 5 7 4
0 4 17 1 0 2 6 5 7 3 4
0 4 17 1 3 0 4 5 2 7 6
0 3 17 1 3 7 6 5 0 2 4
0 3 17 1 3 7 6 5 2 4 0
0 4 17 2 0 3 6 1 5 7 4
0 3 17 5 0 3 6 1 2 7 4
0 3 17 5 1 3 0 6 2 7 4
0 3 17 5 1 3 6 2 0 7 4
0 3 17 5 1 3 6 4 2 7 0
0 5 18 0 2 3 1 4 5 7 6
0 5 18 0 2 3 1 5 7 4 6
0 4 18 0 2 3 6 5 1 7 4
0 4 18 0 3 6 4 5 2 7 1
0 5 18 1 2 0 3 4 5 7 6
0 5 18 1 2 0 3 5 7 4 6
0 5 18 1 2 3 5 0 7 4 6
0 5 18 1 2 3 7 4 5 0 6
0 4 18 1 3 0 7 5 2 6 4
0 4 18 1 3 6 4 0 2 7 5
0 4 18 1 3 6 4 5 2 0 7
0 4 18 6 1 0 4 5 2 7 3
0 4 18 6 1 3 4 0 2 7 5
0 4 18 6 1 3 4 5 2 0 7
0 5 19 1 2 3 0 6 7 4 5
0 6 19 1 2 3 4 6 0 5 7
0 5 19 1 2 3 6 4 0 5 7
0 5 19 1 2 3 6 7 0 4 5
0 5 19 1 2 3 7 6 0 5 4
0 5 19 1 2 3 7 6 5 4 0
0 5 19 1 2 4 6 5 7 0 3
0 5 19 1 2 6 0 4 5 7 3
0 5 19 1 2 6 0 5 7 4 3
0 5 19 1 2 6 4 5 7 3 0
0 4 19 1 3 6 7 5 0 2 4
0 4 19 1 3 6 7 5 2 4 0
0 5 19 4 2 3 1 6 5 7 0
0 5 19 4 2 3 6 0 5 7 1
0 5 19 5 2 3 1 6 0 7 4
0 6 19 5 2 3 4 6 0 7 1
0 5 19 5 2 3 6 4 0 7 1
0 5 19 6 2 3 0 4 5 7 1
0 5 19 6 2 3 0 5 7 4 1
0 5 19 6 2 3 1 0 5 7 4
0 6 19 6 2 3 4 0 5 7 1
0 5 19 7 2 3 6 5 0 4 1
0 5 20 0 2 3 6 1 7 4 5
0 5 20 1 0 2 3 6 5 7 4
0 6 20 1 0 2 4 6 5 7 3
0 5 20 1 0 2 6 4 5 7 3
0 5 20 1 0 2 6 5 7 4 3
0 5 20 1 0 3 6 2 7 4 5
0 6 20 1 2 0 4 6 5 3 7
0 5 20 1 2 0 6 4 5 3 7
0 5 20 1 2 0 7 6 5 3 4
0 6 20 1 2 4 0 6 5 7 3
0 5 20 1 2 6 3 5 7 0 4
0 5 20 1 2 7 3 6 5 0 4
0 6 20 1 2 7 4 6 5 0 3
0 5 20 1 2 7 6 4 5 0 3
0 5 20 1 3 6 0 2 5 7 4
0 4 20 1 3 6 5 2 0 7 4
0 5 20 1 3 7 6 2 5 0 4
0 5 20 1 5 3 6 0 2 7 4
0 5 20 2 0 3 1 6 5 7 4
0 6 20 2 0 3 4 6 5 7 1
0 5 20 2 0 3 6 4 5 7 1
0 5 20 2 0 3 6 5 7 4 1
0 5 20 2 1 3 4 5 0 7 6
0 4 20 2 3 0 6 5 1 7 4
0 4 20 4 1 0 3 5 2 7 6
0 4 20 4 1 3 5 0 2 7 6
0 4 20 4 1 3 7 5 2 0 6
0 6 20 4 2 3 0 6 5 7 1
0 5 20 5 2 3 6 0 1 7 4
0 5 20 5 2 3 6 0 7 4 1
0 4 21 0 1 3 5 6 2 7 4
0 4 21 0 1 3 6 4 2 7 5
0 5 21 0 2 6 1 5 7 3 4
0 4 21 1 0 6 5 3 2 7 4
0 7 21 1 2 3 4 0 6 5 7
0 5 21 1 2 6 5 0 7 3 4
0 5 21 1 3 4 0 5 2 7 6
0 4 21 1 3 6 5 4 2 7 0
0 5 21 1 3 7 4 5 2 0 6
0 5 21 1 5 3 6 2 7 0 4
0 4 21 2 1 3 0 6 5 7 4
0 4 21 2 1 3 6 4 5 7 0
0 4 21 2 1 3 6 5 7 4 0
0 4 21 2 3 6 1 5 0 7 4
0 4 21 3 0 6 1 5 2 7 4
0 4 21 4 0 1 6 5 2 7 3
0 4 21 4 0 3 6 1 2 7 5
0 4 21 4 1 3 0 6 2 7 5
0 4 21 4 1 3 6 2 0 7 5
0 4 21 4 1 3 6 5 0 2 7
0 4 21 4 1 6 0 5 2 7 3
0 5 21 4 2 0 6 1 5 7 3
0 5 21 4 2 3 6 1 5 0 7
0 5 21 4 2 3 6 5 1 7 0
0 4 21 4 3 6 1 5 2 7 0
0 5 21 5 1 3 4 0 2 7 6
0 4 21 5 1 3 4 6 2 7 0
0 7 21 5 2 3 4 0 6 7 1
0 5 21 5 2 3 6 1 7 0 4
0 4 21 6 0 1 3 5 2 7 4
0 4 21 6 0 3 5 1 2 7 4
0 4 21 6 1 3 5 2 0 7 4
0 4 21 6 1 3 5 4 2 7 0
0 4 21 6 1 3 7 5 0 2 4
0 4 21 6 1 3 7 5 2 4 0
0 5 21 6 2 0 3 1 5 7 4
0 5 21 6 2 3 0 5 1 7 4
0 7 21 6 2 3 4 5 0 7 1
0 5 21 6 2 3 7 1 5 0 4
0 5 22 0 1 3 4 6 2 7 5
0 8 22 0 2 3 4 5 6 7 1
0 4 22 0 3 6 5 1 2 7 4
0 4 22 0 5 3 6 1 2 7 4
0 5 22 1 0 3 7 5 2 6 4
0 5 22 1 0 6 4 3 2 7 5
0 4 22 1 0 7 6 5 3 2 4
0 9 22 1 2 3 4 5 6 7 0
