0 0 8 1 0 3 6 5 2 7 4
0 1 17 1 3 0 6 5 2 7 4
0 2 22 1 3 7 6 5 2 0 4
0 2 26 1 3 6 0 5 2 7 4
0 3 26 1 3 7 6 5 2 4 0
0 3 28 1 3 7 6 5 0 2 4
0 4 31 1 3 7 0 5 2 4 6
0 3 32 1 3 6 7 5 2 0 4
0 4 34 1 3 0 6 5 2 4 7
0 3 34 1 3 6 4 5 2 7 0
0 3 34 1 3 6 5 0 2 7 4
0 3 35 0 3 6 1 5 2 7 4
0 5 35 1 3 7 5 0 2 4 6
0 4 35 1 3 7 6 0 2 4 5
0 4 35 1 3 7 6 0 5 2 4
0 5 37 1 3 0 7 5 2 4 6
0 4 37 1 3 6 7 5 2 4 0
0 6 38 1 3 7 5 2 0 4 6
0 6 38 1 3 7 5 6 2 4 0
0 4 39 1 3 0 7 5 2 6 4
0 4 39 1 3 6 7 5 0 2 4
0 5 40 0 3 7 1 5 2 4 6
0 7 40 1 3 7 5 2 4 0 6
0 5 41 1 0 3 6 5 2 4 7
0 4 41 1 0 7 6 5 3 2 4
0 4 41 1 3 6 5 2 0 7 4
0 4 41 1 3 6 5 4 2 7 0
0 8 41 1 3 7 5 2 4 6 0
0 5 41 1 3 7 6 4 5 2 0
0 4 42 0 3 7 6 5 2 4 1
0 5 42 1 3 4 6 5 2 0 7
0 6 42 1 3 4 7 5 2 0 6
0 7 42 1 3 7 5 6 2 0 4
0 5 43 1 3 6 0 5 2 4 7
0 5 43 1 3 7 0 6 5 2 4
0 5 43 1 3 7 6 2 0 4 5
0 4 44 0 3 6 5 1 2 7 4
0 6 44 1 0 3 7 5 2 4 6
0 4 44 1 0 6 5 3 2 7 4
0 6 44 1 0 7 5 3 2 4 6
0 4 44 1 3 6 4 0 2 7 5
0 6 45 0 3 7 5 1 2 4 6
0 7 45 1 3 0 5 6 2 4 7
0 5 45 1 3 7 0 6 2 4 5
0 4 45 3 0 6 1 5 2 7 4
0 4 46 0 3 6 4 5 2 7 1
0 5 46 0 3 7 6 1 2 4 5
0 5 46 1 0 7 6 3 2 4 5
0 9 46 1 3 0 5 2 4 6 7
0 8 46 1 3 0 5 2 4 7 6
0 7 46 1 3 4 7 5 2 6 0
0 4 46 2 3 6 1 5 0 7 4
0 4 46 4 3 6 1 5 2 7 0
0 4 46 5 3 6 1 0 2 7 4
0 6 47 0 1 3 6 5 2 4 7
0 5 47 1 0 3 7 5 2 6 4
0 7 47 1 0 7 5 2 3 4 6
0 5 47 1 0 7 6 3 5 2 4
0 5 47 1 3 6 5 2 7 0 4
0 5 47 1 3 6 7 0 2 4 5
0 5 47 1 3 6 7 0 5 2 4
0 9 47 1 3 7 5 0 4 6 2
0 8 47 1 3 7 5 6 0 2 4
0 6 47 5 3 7 1 0 2 4 6
0 5 48 0 3 7 6 1 5 2 4
0 5 48 1 3 0 5 4 2 7 6
0 7 48 1 3 4 7 5 0 2 6
0 6 48 1 3 7 2 6 5 0 4
0 6 48 1 3 7 6 4 5 0 2
0 6 49 1 2 3 6 5 0 4 7
0 6 49 1 3 0 6 4 5 2 7
0 5 49 1 3 6 5 4 2 0 7
0 9 49 1 3 7 0 2 4 6 5
0 6 49 2 3 7 1 5 0 4 6
0 6 49 3 0 7 1 5 2 4 6
0 6 49 6 3 7 1 5 2 4 0
0 5 50 1 0 6 5 2 3 7 4
0 7 50 1 2 3 7 5 0 4 6
0 5 50 1 3 6 0 4 2 7 5
0 6 50 1 3 7 6 2 4 0 5
0 6 51 0 3 6 1 5 2 4 7
0 9 51 1 0 3 5 2 4 7 6
0 8 51 1 0 3 5 6 2 4 7
0 6 51 1 3 4 6 5 0 2 7
0 6 51 1 3 7 5 4 2 0 6
0 5 52 0 3 6 7 5 2 4 1
0 5 52 1 0 6 7 5 3 2 4
0 7 52 1 2 7 5 3 0 4 6
0 6 52 1 3 0 7 6 5 2 4
0 8 52 1 3 4 5 6 2 0 7
0 10 52 1 3 5 0 2 4 6 7
0 9 52 1 3 5 0 2 4 7 6
0 11 52 1 3 5 7 2 4 6 0
