5 0 5 3 0 1 4 2 6 5 7
11 6 5 0 3 1 4 2 6 5 7
11 6 5 3 1 0 4 2 6 5 7
12 6 6 3 6 1 4 2 0 5 7
17 12 5 2 3 1 4 0 6 5 7
17 12 5 3 1 5 4 2 6 0 7
18 12 6 3 1 4 0 2 6 5 7
18 13 5 4 3 1 0 2 6 5 7
19 13 6 3 6 1 4 0 2 5 7
19 13 6 3 6 1 4 2 5 0 7
19 14 5 6 3 1 4 2 0 5 7
22 18 4 3 1 5 4 2 0 6 7
22 18 4 3 1 5 4 2 6 7 0
22 17 5 7 3 1 4 2 6 5 0
23 19 4 4 3 1 7 2 6 5 0
24 19 5 3 1 4 7 2 6 5 0
24 19 5 4 3 0 1 2 6 5 7
25 20 5 3 6 1 4 2 5 7 0
25 20 5 6 3 1 4 2 5 0 7
26 20 6 0 1 4 3 2 6 5 7
26 20 6 0 6 1 4 3 2 5 7
26 20 6 3 6 0 4 2 5 1 7
26 20 6 6 0 1 4 2 3 5 7
26 20 6 6 3 1 4 0 2 5 7
27 23 4 3 0 5 4 2 1 6 7
27 21 6 3 6 1 4 7 2 5 0
28 23 5 3 1 5 0 2 6 7 4
28 23 5 3 1 5 4 0 2 6 7
28 24 4 3 1 5 4 0 6 7 2
28 24 4 4 3 1 7 2 6 0 5
28 23 5 7 3 1 0 2 6 5 4
28 23 5 7 3 1 4 2 6 0 5
29 23 6 2 3 1 0 4 6 5 7
29 25 4 4 3 5 1 2 6 0 7
29 24 5 7 3 1 4 0 6 5 2
30 24 6 3 1 4 2 0 6 5 7
30 25 5 3 1 4 7 2 6 0 5
30 25 5 4 0 3 1 2 6 5 7
30 24 6 4 3 1 2 0 6 5 7
30 25 5 4 3 1 7 0 6 5 2
31 28 3 0 3 5 4 2 1 6 7
31 26 5 6 3 0 4 2 5 1 7
31 26 5 6 3 1 4 2 5 7 0
32 28 4 0 1 5 4 2 6 7 3
32 27 5 1 0 4 3 2 6 5 7
32 26 6 3 1 4 7 0 6 5 2
32 26 6 3 6 1 0 2 5 7 4
32 25 7 3 6 1 0 4 2 5 7
32 27 5 3 6 1 4 0 5 7 2
32 29 3 4 3 1 7 2 0 6 5
33 29 4 0 1 5 4 3 6 7 2
33 27 6 0 3 1 4 6 2 5 7
33 29 4 0 3 1 7 2 6 5 4
33 27 6 0 6 1 4 2 3 5 7
33 27 6 2 1 4 3 0 6 5 7
33 27 6 3 0 6 4 2 5 1 7
33 28 5 3 5 0 4 2 1 6 7
33 27 6 3 6 4 0 2 5 1 7
33 29 4 4 3 0 7 2 6 1 5
33 30 3 4 3 5 1 2 0 6 7
33 27 6 6 0 1 4 3 2 5 7
33 27 6 6 1 0 4 2 3 5 7
33 29 4 7 3 1 4 2 0 6 5
34 29 5 0 1 5 4 3 2 6 7
34 29 5 3 1 0 5 2 6 7 4
34 29 5 3 1 5 4 6 0 7 2
34 28 6 3 6 1 4 7 2 0 5
34 30 4 4 3 5 1 2 6 7 0
34 28 6 6 3 1 4 7 2 5 0
34 29 5 7 3 0 1 2 6 5 4
34 29 5 7 3 0 4 2 6 1 5
35 30 5 0 1 4 7 2 6 5 3
35 30 5 0 1 5 3 2 6 7 4
35 29 6 2 6 1 4 3 0 5 7
35 31 4 3 1 4 7 2 0 6 5
35 30 5 3 1 5 4 7 2 6 0
35 28 7 3 6 1 0 7 2 5 4
35 28 7 4 6 1 0 3 2 5 7
35 29 6 6 1 4 3 2 0 5 7
36 31 5 0 4 3 1 2 6 5 7
36 31 5 0 6 1 4 2 5 7 3
36 33 3 1 0 5 4 2 6 7 3
36 34 2 1 3 5 4 2 0 6 7
36 30 6 2 3 0 1 4 6 5 7
36 32 4 2 3 5 4 0 1 6 7
36 31 5 3 1 0 7 2 6 4 5
36 31 5 4 3 1 7 6 0 5 2
36 33 3 4 3 5 0 2 1 6 7
36 30 6 7 3 1 4 6 0 5 2
37 31 6 0 1 4 2 3 6 5 7
37 31 6 0 3 1 2 4 6 5 7
37 34 3 1 0 5 4 3 6 7 2
37 33 4 2 1 5 4 0 6 7 3
37 33 4 3 6 1 4 5 0 7 2
37 33 4 4 0 1 7 2 3 6 5
37 31 6 4 3 1 2 6 0 5 7
37 33 4 4 3 1 7 0 2 6 5
37 31 6 4 6 3 1 2 0 5 7
37 32 5 6 0 3 4 2 5 1 7
37 32 5 6 3 1 0 2 5 7 4
37 32 5 6 3 4 0 2 5 1 7
38 33 5 0 6 1 4 3 5 7 2
38 33 5 1 4 0 3 2 6 5 7
38 33 5 1 6 4 3 2 0 5 7
38 31 7 3 1 4 2 6 0 5 7
38 32 6 3 1 4 2 7 6 5 0
38 34 4 4 0 5 1 2 3 6 7
38 32 6 4 3 1 2 7 6 5 0
38 34 4 4 3 5 1 0 2 6 7
38 32 6 6 3 1 0 4 2 5 7
38 33 5 6 3 1 4 0 5 7 2
38 32 6 7 1 4 3 2 6 5 0
38 32 6 7 6 1 4 3 2 5 0
39 33 6 0 1 4 7 3 6 5 2
39 34 5 0 3 6 4 2 5 1 7
39 33 6 0 6 1 4 7 2 5 3
39 35 4 1 0 5 4 3 2 6 7
39 34 5 3 0 1 7 2 6 5 4
39 33 6 3 1 4 7 6 0 5 2
39 34 5 3 1 5 0 4 2 6 7
39 34 5 3 1 5 0 4 6 7 2
39 34 5 3 1 5 2 0 6 7 4
39 34 5 3 5 4 0 2 1 6 7
39 33 6 3 6 0 1 2 5 7 4
39 33 6 3 6 1 7 4 2 5 0
39 34 5 3 6 4 7 2 5 1 0
39 34 5 4 0 3 7 2 6 1 5
39 34 5 4 1 5 0 2 6 7 3
39 35 4 4 3 5 0 2 6 7 1
39 37 2 4 3 5 7 2 1 6 0
39 34 5 4 3 7 0 2 6 1 5
39 34 5 6 1 5 4 2 3 0 7
39 34 5 6 2 1 4 3 0 5 7
39 34 5 7 0 1 4 2 3 6 5
39 35 4 7 0 3 4 2 6 1 5
39 34 5 7 3 1 4 0 2 6 5
39 35 4 7 3 5 1 2 6 0 4
40 34 6 0 6 1 3 2 5 7 4
40 36 4 1 0 4 7 2 6 5 3
40 36 4 1 0 5 3 2 6 7 4
40 37 3 1 0 5 4 2 3 6 7
40 37 3 1 3 5 4 0 2 6 7
40 37 3 1 3 5 4 2 6 0 7
40 37 3 1 5 0 4 2 6 7 3
40 34 6 2 6 1 4 0 3 5 7
40 34 6 3 0 1 4 6 2 5 7
40 35 5 3 0 1 5 2 6 7 4
40 36 4 3 0 4 7 2 1 6 5
40 35 5 3 0 5 4 6 1 7 2
40 34 6 3 5 6 4 2 0 1 7
40 34 6 3 5 6 4 2 1 0 7
40 33 7 3 6 0 1 4 2 5 7
40 35 5 4 1 5 0 3 6 7 2
40 34 6 6 1 0 4 3 2 5 7
40 34 6 6 1 4 0 2 3 5 7
40 35 5 6 1 5 4 2 0 7 3
40 36 4 6 3 1 7 2 0 5 4
40 35 5 7 0 3 1 2 6 5 4
40 35 5 7 3 4 0 2 6 1 5
40 37 3 7 3 5 4 2 1 6 0
41 34 7 0 6 1 3 4 2 5 7
41 35 6 0 6 4 3 2 5 1 7
41 38 3 1 5 0 4 3 6 7 2
41 37 4 1 6 5 4 2 0 7 3
41 36 5 2 0 1 4 3 6 5 7
41 34 7 2 1 4 3 6 0 5 7
41 35 6 2 1 4 3 7 6 5 0
41 36 5 2 1 5 3 0 6 7 4
41 37 4 2 3 5 4 1 0 6 7
41 38 3 3 0 1 4 5 6 7 2
41 36 5 3 1 4 7 0 2 6 5
41 36 5 3 1 5 0 7 2 6 4
41 35 6 3 1 5 4 6 7 0 2
41 35 6 3 1 7 5 2 6 0 4
41 35 6 3 6 0 4 7 2 1 5
41 35 6 3 6 1 4 7 0 2 5
41 36 5 4 1 5 0 3 2 6 7
41 37 4 4 3 0 5 2 1 6 7
41 35 6 4 3 1 0 6 2 5 7
41 36 5 4 3 5 1 0 6 7 2
41 35 6 4 6 1 0 2 3 5 7
41 36 5 6 1 5 4 3 0 7 2
41 35 6 6 3 1 0 7 2 5 4
41 35 6 6 3 1 4 7 2 0 5
42 37 5 0 3 1 4 2 5 7 6
42 38 4 0 3 1 7 4 2 6 5
42 38 4 0 4 1 7 2 3 6 5
42 38 4 1 4 3 0 2 6 5 7
42 38 4 1 6 5 4 3 0 7 2
42 36 6 2 1 4 7 0 6 5 3
42 37 5 2 1 5 4 3 0 6 7
42 37 5 2 3 5 1 4 6 0 7
42 38 4 2 3 5 4 7 1 6 0
42 37 5 2 4 3 1 0 6 5 7
42 37 5 2 6 1 4 0 5 7 3
42 36 6 2 6 1 4 3 5 0 7
42 37 5 3 0 1 7 2 6 4 5
42 36 6 3 1 5 4 7 2 0 6
42 38 4 4 1 0 7 2 3 6 5
42 37 5 4 3 1 7 6 5 0 2
42 36 6 4 6 1 7 3 2 5 0
42 37 5 6 0 1 4 2 5 7 3
42 36 6 6 0 4 3 2 1 5 7
42 36 6 6 1 4 3 2 5 0 7
42 38 4 6 3 4 7 2 5 1 0
43 39 4 0 3 5 1 4 2 6 7
43 39 4 0 4 5 1 2 3 6 7
43 38 5 0 6 3 4 2 5 1 7
43 38 5 1 0 4 2 3 6 5 7
43 39 4 1 4 5 3 2 6 0 7
43 39 4 2 1 5 4 3 6 7 0
43 38 5 2 1 5 4 6 0 7 3
43 37 6 3 1 7 0 2 6 4 5
43 36 7 3 6 0 1 7 2 5 4
43 38 5 3 6 1 4 5 7 0 2
43 37 6 4 0 1 7 6 3 5 2
43 39 4 4 3 1 7 5 2 6 0
43 40 3 4 3 5 7 2 1 0 6
43 36 7 4 6 0 1 3 2 5 7
43 36 7 6 1 4 3 0 2 5 7
43 38 5 6 1 4 7 2 0 5 3
43 38 5 6 1 5 3 2 0 7 4
43 38 5 6 3 0 1 2 5 7 4
43 39 4 6 3 1 4 5 0 7 2
43 38 5 6 5 3 4 2 0 1 7
43 37 6 7 0 1 4 6 3 5 2
43 37 6 7 1 4 0 2 6 5 3
43 37 6 7 3 1 4 6 5 0 2
43 40 3 7 3 5 1 2 0 6 4
44 39 5 0 3 1 6 2 5 7 4
44 39 5 0 3 4 6 2 5 1 7
44 41 3 0 3 4 7 2 1 6 5
44 40 4 0 3 5 1 2 6 7 4
44 37 7 0 6 1 3 7 2 5 4
44 40 4 0 7 3 4 2 6 1 5
44 40 4 1 2 5 4 3 0 6 7
44 41 3 1 3 5 4 2 6 7 0
44 39 5 1 6 4 3 2 5 0 7
44 38 6 3 0 1 2 4 6 5 7
44 38 6 3 1 4 0 7 6 5 2
44 40 4 3 1 5 7 4 2 6 0
44 40 4 3 5 4 7 2 1 6 0
44 38 6 3 6 1 0 4 5 7 2
44 38 6 3 6 1 2 0 5 7 4
44 38 6 4 3 1 2 6 5 0 7
44 40 4 4 3 5 1 7 2 6 0
44 41 3 4 3 5 7 0 1 6 2
44 39 5 4 5 0 1 2 3 6 7
44 38 6 4 6 1 0 2 5 7 3
44 38 6 4 6 3 1 0 2 5 7
44 38 6 4 6 3 1 2 5 0 7
44 39 5 5 6 1 4 2 0 7 3
44 39 5 6 0 1 4 3 5 7 2
44 39 5 6 3 1 7 4 2 5 0
44 41 3 7 3 5 0 2 1 6 4
44 40 4 7 3 5 1 2 6 4 0
45 40 5 0 1 5 2 3 6 7 4
45 41 4 0 1 5 4 2 3 6 7
45 42 3 0 3 1 4 5 6 7 2
45 40 5 0 3 1 4 7 2 6 5
45 41 4 0 3 5 4 1 2 6 7
45 41 4 0 3 5 4 2 6 7 1
45 40 5 0 4 3 7 2 6 1 5
45 40 5 0 7 1 4 2 3 6 5
45 40 5 1 0 4 7 3 6 5 2
45 41 4 1 3 0 4 2 6 5 7
45 42 3 1 3 5 4 7 2 6 0
45 41 4 1 4 0 7 2 6 5 3
45 41 4 1 5 0 3 2 6 7 4
45 41 4 1 5 0 4 2 3 6 7
45 40 5 1 5 0 4 3 2 6 7
45 41 4 1 5 4 0 2 6 7 3
45 41 4 1 5 7 4 2 6 0 3
45 39 6 1 6 4 3 0 2 5 7
45 41 4 1 6 4 7 2 0 5 3
45 41 4 1 6 5 3 2 0 7 4
45 39 6 2 1 4 0 3 6 5 7
45 42 3 3 1 0 4 5 6 7 2
45 40 5 3 1 0 5 4 6 7 2
45 40 5 3 1 0 7 2 6 5 4
45 39 6 3 1 4 2 7 6 0 5
45 40 5 3 1 5 2 4 6 7 0
45 41 4 3 4 0 7 2 1 6 5
45 40 5 3 6 1 7 2 0 5 4
45 40 5 3 6 4 7 2 5 0 1
45 38 7 4 0 1 2 6 3 5 7
45 40 5 4 1 0 5 2 6 7 3
45 40 5 4 3 0 5 2 6 7 1
45 39 6 4 3 1 2 7 6 0 5
45 40 5 4 3 7 5 2 6 1 0
45 40 5 4 6 3 7 2 0 1 5
45 40 5 6 1 5 4 2 0 3 7
45 40 5 6 1 5 4 2 3 7 0
45 40 5 6 2 1 4 3 5 0 7
45 39 6 6 3 0 1 4 2 5 7
45 41 4 6 3 1 7 2 5 0 4
45 39 6 6 4 3 1 2 0 5 7
45 40 5 7 1 0 4 2 3 6 5
45 39 6 7 1 4 3 2 6 0 5
45 40 5 7 1 5 4 3 2 6 0
45 39 6 7 3 1 4 6 2 5 0
45 41 4 7 3 5 4 2 1 0 6
45 39 6 7 6 1 4 2 3 5 0
45 39 6 7 6 1 4 3 2 0 5
45 40 5 7 6 3 4 2 0 1 5
46 41 5 0 1 5 3 4 2 6 7
46 41 5 0 1 5 3 4 6 7 2
46 41 5 0 1 5 4 7 2 6 3
46 42 4 0 2 1 4 3 6 5 7
46 40 6 0 3 1 4 7 2 5 6
46 41 5 0 3 1 5 2 6 7 4
46 40 6 0 3 1 6 4 2 5 7
46 42 4 0 3 4 7 2 6 1 5
46 41 5 0 3 5 4 6 1 7 2
46 41 5 0 3 7 4 2 6 1 5
46 41 5 0 5 4 3 2 1 6 7
46 41 5 0 7 3 1 2 6 5 4
46 42 4 1 5 4 0 3 6 7 2
46 42 4 1 5 7 4 3 6 0 2
46 42 4 1 6 5 4 0 2 7 3
46 42 4 1 6 5 4 2 7 0 3
46 42 4 2 3 5 0 4 1 6 7
46 40 6 2 3 6 4 0 5 1 7
46 39 7 3 0 4 2 6 1 5 7
46 40 6 3 0 4 7 6 1 5 2
46 40 6 3 0 6 1 2 5 7 4
46 40 6 3 1 0 5 4 2 6 7
46 39 7 3 1 4 2 6 5 0 7
46 40 6 3 1 4 7 6 5 0 2
46 40 6 3 1 5 2 6 0 7 4
46 41 5 3 5 0 4 6 1 7 2
46 41 5 3 5 6 4 2 1 7 0
46 40 6 3 6 1 7 4 2 0 5
46 39 7 3 6 4 2 0 5 1 7
46 40 6 3 6 7 1 2 5 0 4
46 41 5 4 1 0 5 3 6 7 2
46 41 5 4 1 5 2 3 6 7 0
46 41 5 4 1 5 3 2 6 7 0
46 42 4 4 1 5 7 3 2 6 0
46 42 4 4 3 5 2 0 1 6 7
46 41 5 4 3 6 0 2 5 1 7
46 40 6 4 6 1 0 3 5 7 2
46 41 5 5 6 1 4 3 0 7 2
46 40 6 6 0 1 4 7 2 5 3
46 41 5 6 0 1 7 2 3 5 4
46 41 5 6 0 5 4 2 1 7 3
46 41 5 6 1 4 7 2 3 5 0
46 41 5 6 1 5 4 0 2 7 3
46 41 5 6 1 5 4 2 7 0 3
46 40 6 6 3 1 2 4 0 5 7
46 41 5 6 3 1 7 0 2 5 4
46 40 6 7 1 4 3 0 6 5 2
46 41 5 7 3 1 4 5 2 6 0
46 41 5 7 3 4 5 2 6 1 0
46 42 4 7 3 5 4 0 1 6 2
46 39 7 7 6 1 0 3 2 5 4
46 40 6 7 6 1 4 0 2 5 3
47 42 5 0 1 4 7 3 2 6 5
47 43 4 0 3 1 7 2 6 4 5
47 42 5 0 3 5 1 4 6 7 2
47 45 2 0 3 5 7 2 1 6 4
47 43 4 1 4 3 7 2 6 5 0
47 44 3 1 4 5 3 2 0 6 7
47 43 4 1 6 5 4 0 3 7 2
47 42 5 2 0 5 4 1 3 6 7
47 42 5 2 1 0 4 3 6 5 7
47 43 4 2 3 5 0 7 1 6 4
47 43 4 2 3 5 1 4 0 6 7
47 42 5 2 3 5 4 1 6 0 7
47 41 6 2 6 1 3 0 5 7 4
47 43 4 2 6 1 4 5 0 7 3
47 42 5 3 0 1 4 7 6 2 5
47 41 6 3 1 0 4 6 2 5 7
47 42 5 3 1 7 5 2 0 6 4
47 41 6 3 5 6 4 0 2 1 7
47 41 6 3 6 1 5 2 0 7 4
47 41 6 3 6 1 7 0 2 5 4
47 41 6 3 6 4 7 0 5 1 2
47 41 6 3 6 5 1 4 2 0 7
47 42 5 4 0 3 5 2 1 6 7
47 42 5 4 3 1 7 6 2 5 0
47 42 5 4 3 5 1 6 0 7 2
47 44 3 4 3 5 7 2 0 1 6
47 42 5 4 3 6 5 2 1 0 7
47 42 5 4 6 1 7 2 3 5 0
47 42 5 5 3 6 4 2 0 1 7
47 41 6 6 0 1 3 2 5 7 4
47 42 5 6 0 5 4 3 1 7 2
47 40 7 6 1 4 2 3 0 5 7
47 42 5 6 1 5 4 0 3 7 2
47 41 6 6 1 5 4 3 2 0 7
47 43 4 6 3 4 7 2 5 0 1
47 41 6 7 1 4 0 3 6 5 2
47 42 5 7 4 3 1 2 6 5 0
47 41 6 7 6 3 1 2 0 5 4
48 42 6 0 1 4 6 2 3 5 7
48 43 5 0 1 5 3 7 2 6 4
48 45 3 0 3 5 7 4 1 6 2
48 45 3 1 2 5 4 3 6 0 7
48 45 3 1 4 5 0 2 3 6 7
48 44 4 1 4 5 3 2 6 7 0
48 43 5 1 6 5 4 3 7 0 2
48 43 5 2 0 5 4 3 1 6 7
48 42 6 2 1 4 0 7 6 5 3
48 42 6 2 1 4 3 7 6 0 5
48 43 5 2 1 5 0 4 6 7 3
48 43 5 2 1 5 3 4 6 7 0
48 42 6 2 1 5 3 6 0 7 4
48 43 5 2 1 5 4 0 3 6 7
48 43 5 2 1 5 4 3 6 0 7
48 43 5 2 3 5 1 4 6 7 0
48 43 5 2 3 5 4 7 1 0 6
48 43 5 2 4 1 7 0 3 6 5
48 42 6 2 6 1 4 7 0 5 3
48 42 6 2 6 1 4 7 3 5 0
48 43 5 3 0 1 4 2 5 7 6
48 43 5 3 0 1 7 4 2 6 5
48 41 7 3 0 6 1 4 2 5 7
48 42 6 3 0 6 4 7 2 1 5
48 42 6 3 1 0 4 6 7 5 2
48 42 6 3 1 0 5 7 2 6 4
48 43 5 3 1 4 7 5 2 6 0
48 42 6 3 1 5 4 6 7 2 0
48 42 6 3 1 7 5 2 6 4 0
48 42 6 3 6 1 4 0 7 2 5
48 43 5 3 6 1 7 2 0 4 5
48 42 6 4 1 0 5 3 2 6 7
48 43 5 4 1 6 7 2 3 0 5
48 43 5 4 1 7 0 2 3 6 5
48 42 6 4 3 0 1 6 2 5 7
48 44 4 4 3 0 7 2 1 5 6
48 43 5 4 3 0 7 6 5 1 2
48 43 5 4 3 1 0 7 2 6 5
48 43 5 4 3 1 7 6 5 2 0
48 44 4 4 3 5 0 1 2 6 7
48 45 3 4 3 5 7 1 0 6 2
48 42 6 4 6 0 1 2 3 5 7
48 41 7 4 6 1 0 7 2 5 3
48 41 7 4 6 1 3 0 2 5 7
48 44 4 6 0 1 4 5 3 7 2
48 42 6 6 0 4 3 2 5 1 7
48 43 5 6 1 0 4 2 5 7 3
48 41 7 6 1 4 0 3 2 5 7
48 42 6 6 1 4 7 3 0 5 2
48 42 6 6 1 5 4 3 7 0 2
48 42 6 6 3 0 1 7 2 5 4
48 42 6 6 3 0 4 7 2 1 5
48 42 6 6 3 1 4 7 0 2 5
48 43 5 6 5 1 4 2 0 7 3
48 44 4 7 0 5 1 2 3 6 4
48 44 4 7 3 5 1 0 2 6 4
49 43 6 0 3 1 6 7 2 5 4
49 43 6 0 6 4 3 2 1 5 7
49 46 3 1 0 3 4 2 6 5 7
49 45 4 1 2 5 4 0 3 6 7
49 47 2 1 3 4 7 2 0 6 5
49 46 3 1 3 5 0 2 6 7 4
49 46 3 1 3 5 0 4 2 6 7
49 46 3 1 3 5 0 7 2 6 4
49 46 3 1 3 5 4 0 6 7 2
49 44 5 1 4 0 2 3 6 5 7
49 46 3 1 4 5 7 2 6 0 3
49 46 3 1 5 3 0 2 6 7 4
49 42 7 2 0 4 3 6 1 5 7
49 44 5 2 0 5 4 6 1 7 3
49 42 7 2 1 4 3 6 5 0 7
49 43 6 2 1 4 7 6 0 5 3
49 45 4 2 3 4 7 0 1 6 5
49 43 6 2 4 3 1 6 0 5 7
49 44 5 2 4 3 1 7 6 5 0
49 44 5 2 4 5 1 0 3 6 7
49 43 6 2 6 0 4 3 5 1 7
49 44 5 2 6 1 4 3 5 7 0
49 44 5 2 6 3 4 0 5 1 7
49 42 7 2 6 4 3 0 5 1 7
49 45 4 2 7 3 4 0 6 1 5
49 44 5 3 0 5 1 4 2 6 7
49 43 6 3 1 0 4 7 2 5 6
49 43 6 3 1 5 4 7 0 2 6
49 45 4 3 4 1 7 2 0 6 5
49 44 5 3 6 0 4 5 7 1 2
49 44 5 3 6 1 4 5 7 2 0
49 42 7 3 6 4 0 7 2 1 5
49 44 5 4 3 1 0 2 5 7 6
49 44 5 4 3 1 0 5 2 6 7
49 44 5 4 3 1 7 5 2 0 6
49 45 4 4 3 5 0 7 2 6 1
49 43 6 4 6 1 7 3 2 0 5
49 45 4 5 0 1 4 2 6 7 3
49 43 6 5 6 1 3 2 0 7 4
49 42 7 6 0 1 3 4 2 5 7
49 44 5 6 0 3 1 2 5 7 4
49 44 5 6 0 4 7 2 1 5 3
49 44 5 6 0 5 3 2 1 7 4
49 43 6 6 1 0 3 2 5 4 7
49 43 6 6 1 4 3 2 5 7 0
49 44 5 6 1 4 7 2 5 0 3
49 44 5 6 1 5 3 2 7 0 4
49 43 6 6 3 1 2 0 5 7 4
49 44 5 6 3 1 4 5 7 0 2
49 43 6 6 3 4 2 0 5 1 7
49 44 5 6 3 4 7 0 5 1 2
49 44 5 6 3 7 1 2 5 0 4
49 43 6 6 4 0 3 2 1 5 7
49 44 5 6 5 3 4 0 2 1 7
49 44 5 6 5 3 4 2 1 0 7
49 44 5 7 1 0 4 2 6 5 3
49 43 6 7 1 4 2 3 6 5 0
49 45 4 7 3 0 5 2 1 6 4
49 45 4 7 3 5 0 2 6 4 1
49 44 5 7 4 1 0 2 3 6 5
50 44 6 0 1 4 2 7 6 5 3
50 44 6 0 4 1 7 6 3 5 2
50 45 5 0 6 4 7 2 5 1 3
50 44 6 0 7 1 4 6 3 5 2
50 46 4 1 0 5 2 3 6 7 4
50 48 2 1 0 5 3 2 4 6 7
50 46 4 1 3 4 0 2 6 5 7
50 46 4 1 3 5 4 7 2 0 6
50 46 4 1 5 4 0 2 3 6 7
50 46 4 1 5 4 3 2 6 7 0
50 46 4 1 5 7 4 2 0 6 3
50 46 4 1 5 7 4 2 6 3 0
50 45 5 1 6 0 3 2 5 4 7
50 44 6 1 6 4 2 3 0 5 7
50 45 5 1 6 4 3 2 5 7 0
50 46 4 1 6 4 7 2 5 0 3
50 46 4 1 6 5 3 2 7 0 4
50 44 6 2 1 5 4 6 7 0 3
50 45 5 2 3 5 1 0 6 7 4
50 46 4 2 3 5 4 0 6 7 1
50 47 3 2 3 5 7 4 1 6 0
50 45 5 3 0 5 1 2 6 7 4
50 46 4 3 0 5 4 2 6 7 1
50 46 4 3 1 4 0 5 6 7 2
50 46 4 3 1 5 7 2 6 0 4
50 45 5 3 1 5 7 4 2 0 6
50 46 4 3 1 7 4 5 6 0 2
50 46 4 3 4 5 1 2 0 6 7
50 45 5 3 5 4 7 2 1 0 6
50 45 5 3 6 1 2 5 0 7 4
50 44 6 3 6 5 1 7 2 0 4
50 46 4 4 0 3 5 2 6 7 1
50 44 6 4 1 0 7 6 3 5 2
50 45 5 4 1 5 2 0 6 7 3
50 45 5 4 3 5 1 7 2 0 6
50 45 5 4 3 5 2 0 6 7 1
50 45 5 4 5 1 0 2 3 6 7
50 44 6 4 6 1 7 0 2 5 3
50 45 5 4 6 3 1 2 5 7 0
50 44 6 4 6 5 1 3 2 0 7
50 46 4 5 3 1 4 0 6 7 2
50 45 5 5 3 1 4 2 0 7 6
50 45 5 5 6 1 4 0 2 7 3
50 44 6 5 6 4 3 2 0 1 7
50 45 5 6 1 0 4 3 5 7 2
50 44 6 6 1 4 7 0 2 5 3
50 44 6 6 1 5 3 0 2 7 4
50 46 4 6 2 1 4 3 5 7 0
50 46 4 6 3 0 7 2 5 1 4
50 44 6 6 3 1 0 4 5 7 2
50 46 4 6 3 1 7 2 5 4 0
50 45 5 6 3 1 7 4 2 0 5
50 45 5 6 5 1 4 3 0 7 2
50 44 6 7 1 0 4 6 3 5 2
50 44 6 7 3 0 4 6 5 1 2
50 45 5 7 3 1 0 4 2 6 5
50 44 6 7 3 1 4 6 5 2 0
50 46 4 7 3 4 0 2 1 6 5
50 46 4 7 3 5 4 2 0 1 6
50 45 5 7 3 6 4 2 5 1 0
51 44 7 0 1 4 3 6 2 5 7
51 45 6 0 1 7 3 2 6 4 5
51 45 6 0 6 1 2 3 5 7 4
51 45 6 0 6 1 7 4 2 5 3
51 45 6 0 6 3 1 4 2 5 7
51 47 4 1 0 5 3 4 2 6 7
51 47 4 1 0 5 3 4 6 7 2
51 47 4 1 0 5 4 7 2 6 3
51 49 2 1 2 5 4 3 6 7 0
51 50 1 1 3 5 7 2 0 6 4
51 46 5 1 4 0 7 3 6 5 2
51 49 2 1 4 5 7 2 3 6 0
51 46 5 1 4 7 0 2 6 5 3
51 46 5 1 5 4 0 3 2 6 7
51 47 4 1 5 4 2 3 6 7 0
51 46 5 1 5 6 4 2 3 0 7
51 46 5 1 5 6 4 3 2 0 7
51 46 5 1 5 7 3 2 6 0 4
51 47 4 1 5 7 4 3 6 2 0
51 46 5 1 6 4 7 0 2 5 3
51 46 5 1 6 4 7 3 0 5 2
51 46 5 1 6 5 3 0 2 7 4
51 47 4 1 6 5 4 2 7 3 0
51 48 3 2 0 1 4 5 6 7 3
51 45 6 2 1 4 7 3 6 5 0
51 48 3 2 3 5 1 0 4 6 7
51 48 3 2 3 5 7 0 1 6 4
51 46 5 2 4 3 7 0 6 1 5
51 44 7 2 6 1 3 4 0 5 7
51 46 5 3 0 1 5 4 6 7 2
51 45 6 3 0 1 6 2 5 7 4
51 45 6 3 0 4 6 2 5 1 7
51 46 5 3 0 5 4 1 2 6 7
51 48 3 3 0 5 7 2 1 6 4
51 44 7 3 0 6 1 7 2 5 4
51 45 6 3 1 0 2 4 6 5 7
51 47 4 3 1 5 7 0 2 6 4
51 46 5 3 4 6 7 2 1 0 5
51 46 5 3 4 7 0 2 1 6 5
51 45 6 3 5 4 2 0 1 6 7
51 46 5 3 5 4 7 0 1 6 2
51 45 6 3 6 0 1 4 5 7 2
51 46 5 3 6 0 7 2 5 4 1
51 45 6 3 6 1 2 4 5 7 0
51 46 5 3 6 1 7 2 5 0 4
51 46 5 3 6 4 7 2 0 5 1
51 46 5 4 0 1 5 2 6 7 3
51 44 7 4 0 6 1 3 2 5 7
51 47 4 4 1 5 0 2 3 6 7
51 46 5 4 1 5 3 0 6 7 2
51 45 6 4 3 0 2 6 5 1 7
51 47 4 4 3 1 0 5 6 7 2
51 45 6 4 3 1 2 6 5 7 0
51 46 5 4 3 1 2 7 0 6 5
51 47 4 4 3 5 2 1 0 6 7
51 47 4 4 3 6 7 2 5 1 0
51 45 6 4 3 7 2 0 6 1 5
51 46 5 4 3 7 5 2 6 0 1
51 45 6 4 5 6 1 2 3 0 7
51 45 6 4 6 0 1 2 5 3 7
51 45 6 4 6 0 1 2 5 7 3
51 45 6 4 6 3 0 2 5 1 7
51 46 5 4 6 3 7 2 1 0 5
51 46 5 4 7 3 0 2 6 1 5
51 47 4 5 0 1 4 3 6 7 2
51 45 6 5 6 1 4 2 7 0 3
51 46 5 5 6 3 4 2 0 1 7
51 46 5 6 0 3 1 2 4 5 7
51 46 5 6 0 5 4 2 1 3 7
51 46 5 6 1 5 0 2 3 7 4
51 46 5 6 2 0 4 3 5 1 7
51 47 4 6 3 5 1 2 0 7 4
51 46 5 6 3 5 1 4 2 0 7
51 46 5 7 1 4 0 2 3 6 5
51 46 5 7 1 4 3 2 0 6 5
51 46 5 7 1 5 0 3 2 6 4
51 46 5 7 3 0 4 2 1 5 6
51 46 5 7 3 5 1 0 6 4 2
51 47 4 7 3 5 4 1 0 6 2
51 46 5 7 6 3 4 0 2 1 5
51 46 5 7 6 3 4 2 1 0 5
52 47 5 0 1 5 4 6 2 7 3
52 47 5 0 3 1 7 6 2 5 4
52 48 4 0 3 4 7 2 5 1 6
52 47 5 0 3 4 7 6 1 5 2
52 48 4 0 3 5 2 4 1 6 7
52 48 4 0 3 5 4 7 1 6 2
52 47 5 0 3 6 1 2 5 7 4
52 47 5 0 5 4 1 2 6 7 3
52 46 6 0 6 1 3 4 5 7 2
52 47 5 0 6 1 7 2 3 5 4
52 47 5 0 6 5 4 1 2 7 3
52 47 5 0 6 5 4 2 1 7 3
52 48 4 1 0 4 7 3 2 6 5
52 49 3 1 2 0 4 3 6 5 7
52 50 2 1 3 5 7 4 2 6 0
52 48 4 1 4 3 2 0 6 5 7
52 48 4 1 4 3 7 2 6 0 5
52 48 4 1 4 5 3 0 2 6 7
52 50 2 1 4 5 7 2 0 6 3
52 50 2 1 5 3 4 2 6 7 0
52 47 5 1 5 7 4 3 0 6 2
52 47 5 1 6 0 4 2 7 5 3
52 48 4 1 6 5 4 3 2 7 0
52 48 4 1 7 3 0 2 6 5 4
52 47 5 2 1 5 0 3 6 7 4
52 47 5 2 3 0 5 4 1 6 7
52 47 5 2 3 1 5 0 6 7 4
52 48 4 2 3 5 4 1 6 7 0
52 47 5 2 3 6 4 5 0 1 7
52 47 5 2 3 7 4 0 6 1 5
52 46 6 2 7 1 4 0 3 6 5
52 47 5 2 7 3 1 0 6 5 4
52 46 6 3 0 1 4 7 2 6 5
52 47 5 3 0 4 7 2 6 1 5
52 47 5 3 0 7 4 2 6 1 5
52 46 6 3 1 0 2 7 6 4 5
52 46 6 3 1 4 2 7 0 6 5
52 46 6 3 1 5 2 4 6 0 7
52 46 6 3 1 7 0 2 6 5 4
52 46 6 3 1 7 5 4 6 0 2
52 45 7 3 6 1 2 4 0 5 7
52 47 5 4 0 1 5 3 6 7 2
52 48 4 4 0 5 7 2 3 1 6
52 47 5 4 1 5 3 0 2 6 7
52 47 5 4 1 5 3 2 6 0 7
52 48 4 4 1 5 7 0 2 6 3
52 47 5 4 1 5 7 3 2 0 6
52 46 6 4 1 7 5 2 6 0 3
52 46 6 4 3 0 2 7 6 1 5
52 47 5 4 3 0 6 2 5 1 7
52 47 5 4 3 5 0 1 6 7 2
52 48 4 4 3 5 2 7 1 6 0
52 48 4 4 3 5 7 0 2 1 6
52 49 3 4 3 5 7 1 2 6 0
52 46 6 4 6 1 3 2 5 7 0
52 46 6 4 6 3 1 7 2 5 0
52 46 6 4 6 3 7 0 2 1 5
52 47 5 4 7 1 0 2 3 6 5
52 47 5 5 0 4 3 2 1 6 7
52 47 5 5 3 1 6 2 0 7 4
52 48 4 5 3 1 7 4 2 6 0
52 47 5 5 3 4 6 2 0 1 7
52 48 4 5 4 1 7 2 3 6 0
52 47 5 5 6 1 4 0 3 7 2
52 45 7 6 0 1 3 7 2 5 4
52 46 6 6 0 3 1 4 2 5 7
52 47 5 6 1 0 7 2 3 5 4
52 45 7 6 1 4 3 7 2 5 0
52 47 5 6 1 4 7 2 3 0 5
52 46 6 6 1 5 4 0 2 3 7
52 47 5 6 1 5 4 2 7 3 0
52 47 5 6 2 1 4 7 0 5 3
52 48 4 6 3 0 7 2 5 4 1
52 47 5 6 3 1 2 0 4 5 7
52 48 4 6 3 4 7 2 0 5 1
52 47 5 6 3 5 4 0 1 7 2
52 48 4 6 3 5 4 2 0 7 1
52 46 6 6 4 3 1 0 2 5 7
52 46 6 6 4 3 1 2 5 0 7
52 47 5 6 5 0 4 2 1 7 3
52 47 5 6 7 3 4 2 0 1 5
52 46 6 7 1 0 3 2 6 4 5
52 47 5 7 1 5 4 0 2 6 3
52 46 6 7 1 5 4 3 2 0 6
52 46 6 7 1 6 4 2 3 0 5
52 47 5 7 3 1 0 5 2 6 4
52 46 6 7 3 1 0 6 2 5 4
52 47 5 7 3 1 4 5 2 0 6
52 46 6 7 3 1 4 6 2 0 5
52 47 5 7 3 4 5 2 6 0 1
52 47 5 7 4 3 0 2 6 1 5
52 46 6 7 6 0 4 3 2 1 5
52 46 6 7 6 1 0 2 3 5 4
52 45 7 7 6 1 3 0 2 5 4
52 46 6 7 6 1 4 2 3 0 5
52 46 6 7 6 1 4 3 0 2 5
53 47 6 0 1 4 3 7 6 5 2
53 48 5 0 2 5 4 1 3 6 7
53 48 5 0 3 1 4 7 6 2 5
53 49 4 0 3 1 7 5 2 6 4
53 47 6 0 3 4 2 6 1 5 7
53 49 4 0 3 5 2 7 1 6 4
53 46 7 0 4 1 2 6 3 5 7
53 48 5 0 4 3 5 2 1 6 7
53 48 5 0 5 4 1 3 6 7 2
53 49 4 0 6 1 4 5 3 7 2
53 46 7 0 6 4 3 1 2 5 7
53 48 5 0 6 5 4 1 3 7 2
53 48 5 0 6 5 4 3 1 7 2
53 49 4 0 7 5 1 2 3 6 4
53 50 3 1 0 4 7 2 3 6 5
53 49 4 1 0 5 3 7 2 6 4
53 50 3 1 3 4 7 0 2 6 5
53 50 3 1 3 4 7 2 6 0 5
53 49 4 1 3 5 0 4 6 7 2
53 49 4 1 3 5 4 6 0 7 2
53 51 2 1 3 5 7 4 0 6 2
53 49 4 1 4 0 5 2 3 6 7
53 49 4 1 4 3 7 0 6 5 2
53 49 4 1 4 5 0 2 6 7 3
53 50 3 1 4 5 7 2 6 3 0
53 49 4 1 5 4 3 2 0 6 7
53 47 6 1 6 4 3 7 2 5 0
53 49 4 1 6 5 4 2 3 7 0
53 48 5 2 0 5 1 4 3 6 7
53 48 5 2 3 0 4 1 6 5 7
53 48 5 2 3 0 5 7 1 6 4
53 48 5 2 3 1 7 0 6 4 5
53 48 5 2 4 3 0 1 6 5 7
53 47 6 2 5 4 3 0 1 6 7
53 46 7 2 6 1 0 4 3 5 7
53 48 5 2 6 1 3 5 0 7 4
53 48 5 2 6 1 4 5 7 0 3
53 47 6 3 0 1 4 7 2 5 6
53 47 6 3 0 1 5 4 2 6 7
53 48 5 3 0 5 1 4 6 7 2
53 47 6 3 0 5 2 6 1 7 4
53 49 4 3 0 5 7 4 1 6 2
53 48 5 3 0 7 5 2 1 6 4
53 48 5 3 1 0 4 7 6 2 5
53 47 6 3 1 0 7 6 5 4 2
53 47 6 3 1 4 0 7 2 6 5
53 47 6 3 1 4 2 6 5 7 0
53 47 6 3 1 4 7 6 5 2 0
53 47 6 3 1 5 2 6 7 0 4
53 47 6 3 4 0 7 6 1 5 2
53 47 6 3 5 4 0 6 1 7 2
53 47 6 3 5 6 0 2 1 7 4
53 47 6 3 5 6 1 2 0 7 4
53 48 5 3 5 6 4 0 1 7 2
53 47 6 3 5 7 4 6 1 0 2
53 47 6 3 6 0 7 4 2 1 5
53 49 4 3 6 1 7 2 4 0 5
53 47 6 3 6 1 7 4 0 2 5
53 47 6 3 6 4 2 5 0 1 7
53 47 6 3 6 7 1 2 0 5 4
53 47 6 3 6 7 1 2 5 4 0
53 49 4 4 0 5 7 1 3 6 2
53 46 7 4 1 0 2 6 3 5 7
53 48 5 4 1 3 5 2 0 6 7
53 48 5 4 1 5 0 7 2 6 3
53 47 6 4 1 5 2 3 6 0 7
53 47 6 4 1 7 5 3 6 0 2
53 48 5 4 2 1 0 3 6 5 7
53 47 6 4 3 1 6 0 2 5 7
53 48 5 4 3 1 7 6 2 0 5
53 48 5 4 3 5 0 6 1 7 2
53 48 5 4 3 5 1 6 7 0 2
53 49 4 4 3 5 7 1 6 0 2
53 48 5 4 3 6 5 2 0 1 7
53 48 5 4 3 6 5 2 1 7 0
53 47 6 4 3 7 5 0 6 1 2
53 47 6 4 6 0 1 3 5 7 2
53 47 6 4 6 1 2 3 5 7 0
53 48 5 4 6 1 7 2 3 0 5
53 48 5 5 3 1 0 2 6 7 4
53 50 3 5 3 4 7 2 1 6 0
53 48 5 5 3 6 4 2 1 0 7
53 47 6 5 6 1 4 3 7 0 2
53 47 6 6 1 0 4 2 7 5 3
53 49 4 6 1 0 4 5 3 7 2
53 47 6 6 1 0 4 7 2 5 3
53 46 7 6 1 4 2 0 3 5 7
53 48 5 6 1 5 4 3 2 7 0
53 47 6 6 3 1 2 4 5 0 7
53 49 4 6 3 4 7 2 0 1 5
53 48 5 6 4 3 7 2 0 1 5
53 48 5 6 5 0 4 3 1 7 2
53 48 5 7 1 0 4 3 6 5 2
53 47 6 7 3 1 4 0 2 5 6
53 49 4 7 3 5 1 4 2 6 0
53 48 5 7 4 3 0 2 6 5 1
53 48 5 7 4 3 1 2 6 0 5
53 49 4 7 4 5 1 2 3 6 0
53 47 6 7 6 1 4 0 3 5 2
53 47 6 7 6 1 4 2 0 5 3
53 47 6 7 6 4 3 2 5 1 0
54 50 4 0 1 3 4 2 6 5 7
54 51 3 0 1 5 3 2 4 6 7
54 50 4 0 1 5 7 4 2 6 3
54 52 2 0 2 1 4 5 6 7 3
54 49 5 0 2 5 4 3 1 6 7
54 50 4 0 2 5 4 6 1 7 3
54 52 2 0 3 5 1 2 4 6 7
54 50 4 0 3 5 1 2 6 4 7
54 50 4 0 3 5 1 7 2 6 4
54 50 4 0 3 5 4 1 6 7 2
54 51 3 0 3 5 7 2 6 4 1
54 50 4 0 5 1 4 2 6 7 3
54 50 4 0 5 4 7 2 1 6 3
54 48 6 0 5 6 4 3 2 1 7
54 48 6 0 6 1 7 3 2 5 4
54 47 7 0 6 4 2 3 5 1 7
54 48 6 0 6 4 7 3 5 1 2
54 49 5 1 0 4 6 2 3 5 7
54 52 2 1 0 5 7 2 3 6 4
54 53 1 1 0 5 7 2 4 6 3
54 50 4 1 3 0 5 2 6 7 4
54 50 4 1 3 0 5 4 2 6 7
54 50 4 1 3 0 5 7 2 6 4
54 51 3 1 3 4 7 2 6 5 0
54 52 2 1 3 5 7 2 6 0 4
54 50 4 1 4 5 3 0 6 7 2
54 51 3 1 5 0 3 2 4 6 7
54 51 3 1 5 4 7 2 3 6 0
54 49 5 1 6 0 4 3 7 5 2
54 50 4 1 6 3 4 2 0 5 7
54 49 5 1 6 5 4 3 7 2 0
54 49 5 2 0 1 4 7 6 5 3
54 49 5 2 1 0 4 7 6 5 3
54 49 5 2 1 0 5 4 6 7 3
54 49 5 2 1 5 3 4 0 6 7
54 49 5 2 1 5 4 7 0 6 3
54 51 3 2 3 1 4 5 6 7 0
54 50 4 2 3 4 7 1 0 6 5
54 49 5 2 3 5 0 4 6 7 1
54 49 5 2 3 5 4 7 0 1 6
54 48 6 2 3 6 4 7 5 1 0
54 49 5 2 4 1 7 3 0 6 5
54 48 6 2 5 0 4 1 3 6 7
54 48 6 2 6 1 0 4 5 7 3
54 47 7 2 6 1 3 7 0 5 4
54 50 4 2 6 3 4 5 0 1 7
54 51 3 2 7 3 4 5 6 1 0
54 47 7 3 0 1 6 4 2 5 7
54 47 7 3 1 0 2 6 5 4 7
54 49 5 3 1 0 4 2 5 7 6
54 49 5 3 1 0 7 4 2 6 5
54 48 6 3 1 5 4 6 2 0 7
54 51 3 3 1 5 7 2 0 6 4
54 47 7 3 1 6 5 4 2 0 7
54 48 6 3 1 7 5 0 2 6 4
54 49 5 3 2 1 7 4 0 6 5
54 49 5 3 2 6 4 7 0 1 5
54 47 7 3 4 0 2 6 1 5 7
54 49 5 3 5 1 4 2 0 7 6
54 48 6 3 6 1 5 0 2 7 4
54 48 6 3 6 1 5 2 7 0 4
54 48 6 3 6 4 7 5 0 1 2
54 48 6 3 6 5 1 4 0 2 7
54 48 6 3 6 5 1 4 2 7 0
54 49 5 4 0 3 7 2 1 5 6
54 48 6 4 0 5 1 6 3 7 2
54 49 5 4 1 6 7 2 0 3 5
54 49 5 4 1 6 7 2 3 5 0
54 49 5 4 1 7 5 2 3 6 0
54 49 5 4 3 0 1 7 2 6 5
54 49 5 4 3 0 5 1 2 6 7
54 48 6 4 3 1 0 7 2 5 6
54 49 5 4 3 1 5 7 2 6 0
54 49 5 4 3 1 7 0 2 5 6
54 50 4 4 3 5 0 7 1 6 2
54 49 5 4 3 5 1 6 2 0 7
54 49 5 4 3 7 0 2 1 5 6
54 47 7 4 6 1 2 0 3 5 7
54 49 5 4 6 5 1 2 3 0 7
54 48 6 5 0 6 4 2 3 1 7
54 50 4 5 1 0 4 2 6 7 3
54 48 6 5 3 6 4 0 2 1 7
54 50 4 5 7 3 4 2 6 1 0
54 47 7 6 0 1 2 4 3 5 7
54 48 6 6 1 0 3 2 5 7 4
54 48 6 6 1 4 7 0 3 5 2
54 48 6 6 1 5 2 3 0 7 4
54 48 6 6 1 5 4 3 0 2 7
54 49 5 6 3 1 5 2 0 7 4
54 50 4 6 3 1 7 2 0 4 5
54 49 5 6 3 5 1 7 2 0 4
54 49 5 6 3 7 4 2 0 1 5
54 48 6 6 5 1 3 2 0 7 4
54 49 5 6 5 1 4 0 2 7 3
54 50 4 6 5 3 4 2 1 7 0
54 47 7 7 1 4 3 6 0 5 2
54 49 5 7 1 5 3 0 2 6 4
54 49 5 7 3 1 0 2 6 4 5
54 48 6 7 3 4 5 0 6 1 2
54 50 4 7 3 5 2 0 1 6 4
54 49 5 7 4 3 1 0 6 5 2
54 49 5 7 5 0 1 2 3 6 4
54 47 7 7 6 0 1 3 2 5 4
54 47 7 7 6 1 3 4 2 5 0
54 48 6 7 6 3 1 0 2 5 4
54 48 6 7 6 3 1 2 5 0 4
54 49 5 7 6 3 4 2 5 1 0
55 50 5 0 1 7 4 2 3 6 5
55 50 5 0 3 1 7 4 2 5 6
55 51 4 0 3 5 4 7 2 6 1
55 49 6 0 3 6 1 4 2 5 7
55 49 6 0 3 6 4 7 2 1 5
55 51 4 0 4 3 5 2 6 7 1
55 51 4 0 5 3 1 2 6 7 4
55 50 5 0 5 3 4 6 2 1 7
55 49 6 0 6 1 4 3 7 2 5
55 51 4 0 6 1 4 5 2 7 3
55 50 5 0 6 3 1 2 5 7 4
55 50 5 0 6 4 7 2 1 5 3
55 50 5 0 6 5 3 2 1 7 4
55 51 4 1 0 7 4 2 5 6 3
55 52 3 1 2 5 0 3 6 7 4
55 53 2 1 2 5 4 0 6 7 3
55 51 4 1 2 5 4 7 3 6 0
55 51 4 1 3 5 4 7 0 2 6
55 54 1 1 3 5 7 0 4 6 2
55 50 5 1 4 2 0 3 6 5 7
55 50 5 1 4 5 2 3 6 0 7
55 52 3 1 4 5 7 2 3 0 6
55 51 4 1 5 0 2 3 6 7 4
55 51 4 1 5 4 2 0 6 7 3
55 51 4 1 6 0 7 2 5 4 3
55 51 4 1 6 4 7 2 5 3 0
55 51 4 1 6 5 3 2 7 4 0
55 49 6 2 0 5 3 6 1 7 4
55 49 6 2 1 0 3 7 6 4 5
55 52 3 2 1 0 4 5 6 7 3
55 49 6 2 1 4 3 7 0 6 5
55 50 5 2 1 4 7 3 0 6 5
55 49 6 2 1 5 3 4 6 0 7
55 49 6 2 1 5 3 6 7 0 4
55 50 5 2 1 5 4 7 3 6 0
55 49 6 2 3 0 4 7 1 5 6
55 49 6 2 3 1 4 7 0 5 6
55 49 6 2 3 1 6 4 0 5 7
55 51 4 2 3 4 7 5 1 6 0
55 52 3 2 3 5 7 1 0 6 4
55 51 4 2 3 5 7 4 1 0 6
55 50 5 2 4 1 7 5 3 6 0
55 50 5 2 4 3 0 7 6 5 1
55 50 5 2 4 3 1 7 6 0 5
55 50 5 2 4 5 1 3 0 6 7
55 49 6 2 5 0 4 3 1 6 7
55 50 5 2 5 0 4 6 1 7 3
55 49 6 2 6 1 3 4 5 7 0
55 49 6 2 6 1 4 0 7 5 3
55 49 6 2 6 1 4 7 3 0 5
55 49 6 2 6 1 4 7 5 0 3
55 50 5 2 7 3 4 6 0 1 5
55 51 4 3 0 1 2 5 6 7 4
55 49 6 3 0 1 4 6 7 5 2
55 49 6 3 0 1 5 7 2 6 4
55 50 5 3 0 6 4 5 7 1 2
55 49 6 3 1 4 0 5 2 6 7
55 48 7 3 1 4 0 6 2 5 7
55 51 4 3 1 4 2 5 6 7 0
55 49 6 3 1 4 7 5 2 0 6
55 49 6 3 1 5 0 6 7 2 4
55 51 4 3 1 5 7 2 6 4 0
55 49 6 3 1 7 2 0 6 4 5
55 51 4 3 1 7 4 5 6 2 0
55 50 5 3 2 5 1 4 0 6 7
55 49 6 3 2 6 1 4 0 5 7
55 50 5 3 4 1 7 0 2 6 5
55 50 5 3 4 1 7 2 6 0 5
55 51 4 3 5 0 4 2 6 7 1
55 49 6 3 5 6 4 7 2 1 0
55 49 6 3 6 1 7 0 2 4 5
55 48 7 3 6 4 2 7 5 1 0
55 49 6 4 0 1 5 3 2 6 7
55 49 6 4 0 3 1 6 2 5 7
55 49 6 4 0 3 7 6 5 1 2
55 49 6 4 0 6 1 2 3 5 7
55 52 3 4 1 5 7 2 3 6 0
55 50 5 4 3 0 1 2 5 7 6
55 50 5 4 3 0 1 5 2 6 7
55 50 5 4 3 0 5 7 2 6 1
55 50 5 4 3 0 7 5 2 1 6
55 49 6 4 3 1 0 6 5 2 7
55 50 5 4 3 1 6 2 5 7 0
55 50 5 4 3 1 7 0 5 2 6
55 50 5 4 3 1 7 5 0 2 6
55 49 6 4 3 7 0 6 5 1 2
55 51 4 4 5 1 7 2 3 6 0
55 49 6 4 6 1 3 2 0 5 7
55 49 6 4 6 1 7 0 3 5 2
55 50 5 5 0 1 3 2 6 7 4
55 49 6 6 0 1 4 7 3 2 5
55 49 6 6 0 3 1 7 2 5 4
55 48 7 6 0 4 2 3 1 5 7
55 49 6 6 0 4 7 3 1 5 2
55 49 6 6 1 0 4 3 7 5 2
55 50 5 6 1 0 7 2 5 4 3
55 49 6 6 1 4 0 2 5 7 3
55 48 7 6 1 4 2 3 5 0 7
55 50 5 6 1 4 7 2 5 3 0
55 49 6 6 1 4 7 3 2 5 0
55 49 6 6 1 4 7 3 5 0 2
55 50 5 6 1 5 3 2 7 4 0
55 49 6 6 1 5 3 4 0 7 2
55 49 6 6 1 5 4 3 7 2 0
55 49 6 6 1 7 4 2 5 0 3
55 50 5 6 3 0 4 5 7 1 2
55 50 5 6 3 1 2 5 0 7 4
55 49 6 6 3 1 4 0 7 2 5
55 50 5 6 3 1 4 5 7 2 0
55 49 6 6 3 4 0 7 2 1 5
55 50 5 6 3 4 7 5 0 1 2
55 50 5 6 3 5 1 4 0 7 2
55 50 5 6 3 7 1 2 0 5 4
55 50 5 6 3 7 1 2 5 4 0
55 49 6 6 4 0 3 2 5 1 7
55 50 5 6 4 0 7 2 1 5 3
55 50 5 6 4 5 3 2 1 0 7
55 49 6 6 5 1 4 2 7 0 3
55 50 5 6 5 3 1 2 0 7 4
55 49 6 6 5 4 3 2 0 1 7
55 49 6 6 7 3 1 2 0 5 4
55 50 5 7 0 1 4 2 6 5 3
55 50 5 7 0 3 5 2 1 6 4
55 49 6 7 1 4 0 3 2 6 5
55 49 6 7 1 4 2 0 6 5 3
55 51 4 7 1 5 4 2 3 6 0
55 50 5 7 1 5 4 2 6 0 3
55 51 4 7 3 0 4 2 1 6 5
55 50 5 7 3 0 5 2 6 4 1
55 51 4 7 3 4 5 2 1 6 0
55 50 5 7 3 4 6 2 5 1 0
55 51 4 7 3 5 4 1 2 6 0
55 50 5 7 3 6 5 2 1 0 4
55 50 5 7 4 0 1 2 3 6 5
55 50 5 7 4 1 5 2 3 6 0
56 52 4 0 1 4 3 5 6 7 2
56 51 5 0 1 5 2 4 6 7 3
56 51 5 0 1 5 4 2 3 7 6
56 52 4 0 1 5 7 3 2 6 4
56 50 6 0 2 4 3 6 1 5 7
56 51 5 0 3 5 2 4 6 7 1
56 51 5 0 3 7 5 2 6 1 4
56 52 4 0 5 1 4 3 6 7 2
56 51 5 1 0 4 2 7 6 5 3
56 51 5 1 0 6 3 2 5 4 7
56 52 4 1 2 5 3 4 0 6 7
56 52 4 1 2 5 4 7 0 6 3
56 51 5 1 3 0 4 7 2 5 6
56 53 3 1 3 5 7 4 2 0 6
56 53 3 1 4 3 7 2 0 6 5
56 53 3 1 4 5 7 0 2 6 3
56 53 3 1 4 5 7 0 3 6 2
56 52 4 1 4 5 7 3 6 0 2
56 52 4 1 5 0 3 4 6 7 2
56 54 2 1 5 3 4 0 6 7 2
56 53 3 1 5 3 4 2 6 0 7
56 52 4 1 5 4 3 0 6 7 2
56 51 5 1 5 4 3 2 6 0 7
56 52 4 1 5 4 7 3 2 6 0
56 52 4 1 5 6 4 2 3 7 0
56 52 4 1 5 6 4 3 2 7 0
56 51 5 1 5 7 0 2 6 3 4
56 52 4 1 5 7 3 2 0 6 4
56 51 5 1 5 7 4 0 2 6 3
56 52 4 1 5 7 4 0 6 3 2
56 51 5 1 6 0 3 2 7 5 4
56 51 5 1 6 3 0 2 5 4 7
56 51 5 1 6 4 0 2 5 7 3
56 52 4 1 6 5 0 2 7 3 4
56 51 5 1 6 5 2 3 0 7 4
56 53 3 1 7 3 4 2 6 5 0
56 50 6 2 0 3 1 6 4 5 7
56 50 6 2 0 4 7 6 1 5 3
56 50 6 2 0 6 4 3 5 1 7
56 50 6 2 1 4 3 6 5 7 0
56 50 6 2 1 4 7 6 5 0 3
56 51 5 2 1 5 3 7 0 6 4
56 51 5 2 3 5 1 6 0 7 4
56 53 3 2 3 5 1 7 4 6 0
56 51 5 2 3 5 4 6 0 7 1
56 50 6 2 4 3 1 6 5 0 7
56 51 5 2 4 5 1 7 3 6 0
56 49 7 2 6 1 0 7 3 5 4
56 51 5 2 6 3 4 7 5 1 0
56 50 6 2 6 4 3 5 0 1 7
56 50 6 3 0 5 4 7 1 2 6
56 49 7 3 1 4 0 6 7 5 2
56 50 6 3 1 5 4 0 7 2 6
56 51 5 3 1 5 7 4 0 2 6
56 49 7 3 1 6 5 7 2 0 4
56 51 5 3 1 7 4 5 0 6 2
56 50 6 3 1 7 5 0 6 4 2
56 51 5 3 4 5 1 0 2 6 7
56 51 5 3 4 5 1 2 6 0 7
56 51 5 3 5 0 1 2 6 7 4
56 50 6 3 5 0 1 4 2 6 7
56 51 5 3 5 0 7 2 1 4 6
56 52 4 3 5 0 7 2 1 6 4
56 51 5 3 5 4 7 2 0 1 6
56 50 6 3 6 1 0 5 7 2 4
56 50 6 3 6 4 0 5 7 1 2
56 51 5 3 6 5 1 2 0 7 4
56 51 5 3 6 5 4 2 0 7 1
56 53 3 4 1 5 7 2 0 6 3
56 51 5 4 1 5 7 6 3 0 2
56 49 7 4 1 6 5 3 2 0 7
56 52 4 4 3 0 1 5 6 7 2
56 52 4 4 3 1 2 5 6 7 0
56 51 5 4 3 5 1 7 0 2 6
56 51 5 4 3 5 2 6 0 7 1
56 52 4 4 3 6 7 2 5 0 1
56 52 4 4 3 7 5 2 0 6 1
56 49 7 4 6 0 1 7 2 5 3
56 50 6 4 6 0 7 3 2 1 5
56 50 6 4 6 1 2 0 5 7 3
56 51 5 4 6 1 7 2 0 5 3
56 50 6 4 6 1 7 3 0 2 5
56 50 6 4 6 3 0 1 2 5 7
56 51 5 4 6 3 0 2 5 7 1
56 51 5 4 6 3 5 2 0 7 1
56 51 5 5 0 1 4 2 3 7 6
56 52 4 5 0 3 4 2 6 1 7
56 52 4 5 1 0 4 3 6 7 2
56 51 5 5 3 1 4 0 2 7 6
56 52 4 5 3 1 4 2 6 7 0
56 51 5 5 3 1 4 2 7 0 6
56 51 5 5 3 1 4 7 2 6 0
56 52 4 5 3 4 7 2 6 1 0
56 51 5 5 4 3 7 2 6 1 0
56 50 6 5 6 1 3 0 2 7 4
56 50 6 5 6 1 3 2 7 0 4
56 51 5 5 7 1 4 2 3 6 0
56 50 6 6 0 1 3 2 5 4 7
56 51 5 6 0 3 7 2 5 1 4
56 51 5 6 0 4 7 2 5 1 3
56 50 6 6 1 0 3 2 7 5 4
56 50 6 6 1 3 0 2 5 4 7
56 51 5 6 2 1 0 3 5 7 4
56 50 6 6 2 1 3 4 0 5 7
56 52 4 6 2 1 4 0 5 7 3
56 52 4 6 3 0 1 2 4 5 7
56 51 5 6 3 0 7 4 2 1 5
56 51 5 6 3 1 0 2 5 4 7
56 51 5 6 3 1 7 4 0 2 5
56 50 6 6 3 4 2 5 0 1 7
56 52 4 6 3 5 1 2 7 0 4
56 51 5 6 3 7 0 2 5 1 4
56 50 6 6 4 3 0 2 1 5 7
56 50 6 6 5 0 3 2 1 7 4
56 50 6 6 5 0 4 2 1 3 7
56 51 5 6 5 1 4 0 3 7 2
56 51 5 6 5 3 4 7 2 1 0
56 51 5 7 0 3 4 6 5 1 2
56 51 5 7 0 5 4 2 3 1 6
56 50 6 7 1 4 2 3 6 0 5
56 52 4 7 2 1 4 3 6 5 0
56 51 5 7 3 0 1 4 2 6 5
56 51 5 7 3 1 5 4 2 6 0
56 50 6 7 3 1 6 0 2 5 4
56 52 4 7 3 5 0 4 1 6 2
56 51 5 7 3 5 4 0 2 1 6
56 51 5 7 3 6 0 2 5 1 4
56 51 5 7 3 6 4 2 5 0 1
57 50 7 0 1 4 6 3 2 5 7
57 52 5 0 1 4 7 2 3 5 6
57 53 4 0 1 4 7 2 3 6 5
57 51 6 0 1 4 7 6 2 5 3
57 51 6 0 1 5 3 6 2 7 4
57 55 2 0 1 5 7 2 4 6 3
57 52 5 0 3 1 4 5 2 6 7
57 52 5 0 3 1 5 4 6 7 2
57 52 5 0 3 4 1 2 6 5 7
57 52 5 0 3 4 5 2 6 1 7
57 53 4 0 3 5 7 4 2 1 6
57 52 5 0 4 1 5 2 6 7 3
57 53 4 0 4 5 7 2 3 1 6
57 52 5 0 5 1 4 2 3 6 7
57 52 5 0 5 4 1 2 3 6 7
57 52 5 0 5 4 7 3 1 6 2
57 52 5 0 5 6 4 2 1 7 3
57 52 5 0 6 5 4 2 1 3 7
57 53 4 1 0 2 4 3 6 5 7
57 53 4 1 0 5 4 6 2 7 3
57 54 3 1 0 5 7 4 3 6 2
57 52 5 1 0 7 3 2 6 4 5
57 53 4 1 2 4 0 3 6 5 7
57 53 4 1 2 4 7 3 0 6 5
57 54 3 1 3 0 7 2 6 4 5
57 56 1 1 3 5 0 2 4 6 7
57 55 2 1 3 5 7 0 2 6 4
57 57 0 1 3 5 7 2 4 6 0
