5 0 5 3 0 1 4 2 6 5 7
10 6 4 0 3 1 4 2 6 5 7
12 6 6 3 1 0 4 2 6 5 7
18 11 7 2 3 1 4 0 6 5 7
18 6 12 3 6 1 4 2 0 5 7
19 13 6 3 1 5 4 2 6 0 7
20 13 7 3 1 4 0 2 6 5 7
21 12 9 4 3 1 0 2 6 5 7
24 16 8 7 3 1 4 2 6 5 0
25 20 5 3 1 5 4 2 6 7 0
26 22 4 0 1 4 3 2 6 5 7
26 13 13 6 3 1 4 2 0 5 7
27 20 7 3 1 5 4 2 0 6 7
28 21 7 3 1 4 7 2 6 5 0
30 24 6 2 3 1 0 4 6 5 7
30 19 11 3 6 1 4 0 2 5 7
30 22 8 4 3 0 1 2 6 5 7
31 19 12 3 6 1 4 2 5 0 7
31 22 9 4 3 1 7 2 6 5 0
32 27 5 1 0 4 3 2 6 5 7
34 27 7 2 1 4 3 0 6 5 7
34 26 8 3 1 4 2 0 6 5 7
34 26 8 3 1 5 0 2 6 7 4
34 25 9 7 3 1 4 2 6 0 5
35 27 8 3 1 5 4 0 6 7 2
35 27 8 6 0 1 4 2 3 5 7
36 31 5 2 3 0 1 4 6 5 7
36 28 8 3 1 5 4 0 2 6 7
36 25 11 7 3 1 0 2 6 5 4
37 28 9 3 0 5 4 2 1 6 7
37 29 8 3 1 4 7 2 6 0 5
37 26 11 7 3 1 4 0 6 5 2
38 35 3 0 1 4 2 3 6 5 7
38 31 7 0 1 5 4 2 6 7 3
38 31 7 4 0 3 1 2 6 5 7
39 31 8 0 6 1 4 3 2 5 7
39 33 6 1 4 0 3 2 6 5 7
39 31 8 2 3 1 7 4 6 5 0
39 27 12 6 3 1 4 0 2 5 7
40 30 10 3 1 4 7 0 6 5 2
40 27 13 6 3 1 4 2 5 0 7
40 32 8 7 1 4 3 2 6 5 0
41 38 3 3 1 5 4 7 2 6 0
41 31 10 4 3 5 1 2 6 0 7
42 36 6 0 1 5 3 2 6 7 4
42 32 10 4 3 1 7 2 6 0 5
42 29 13 6 1 4 3 2 0 5 7
43 34 9 0 1 4 7 2 6 5 3
43 37 6 0 1 5 4 3 2 6 7
43 36 7 0 6 1 4 2 3 5 7
43 39 4 1 0 4 2 3 6 5 7
43 35 8 2 1 4 3 6 0 5 7
43 35 8 3 1 0 5 2 6 7 4
43 36 7 3 1 5 4 6 0 7 2
43 32 11 3 6 1 4 2 5 7 0
43 32 11 3 6 1 4 7 2 5 0
44 36 8 0 1 5 4 3 6 7 2
44 35 9 3 1 4 2 6 0 5 7
44 36 8 3 1 4 2 7 6 5 0
44 32 12 3 6 0 4 2 5 1 7
45 40 5 0 3 1 4 6 2 5 7
45 39 6 0 4 3 1 2 6 5 7
45 33 12 1 6 4 3 2 0 5 7
45 36 9 2 1 4 3 7 6 5 0
45 33 12 4 3 1 7 0 6 5 2
45 36 9 6 1 0 4 2 3 5 7
45 35 10 7 3 1 4 2 0 6 5
46 37 9 0 3 1 7 2 6 5 4
46 38 8 0 3 5 4 2 1 6 7
46 40 6 2 1 4 0 3 6 5 7
46 37 9 2 3 5 1 4 6 0 7
46 42 4 3 1 5 4 7 2 0 6
46 36 10 3 6 1 0 4 2 5 7
47 39 8 1 0 5 4 2 6 7 3
47 40 7 1 4 3 0 2 6 5 7
47 38 9 3 1 4 7 2 0 6 5
47 40 7 3 1 5 2 0 6 7 4
48 40 8 1 4 5 3 2 6 0 7
48 38 10 3 1 0 7 2 6 4 5
48 42 6 3 1 5 0 7 2 6 4
48 44 4 3 1 7 5 2 6 0 4
48 38 10 3 5 0 4 2 1 6 7
48 38 10 7 3 1 4 6 0 5 2
49 44 5 1 4 0 2 3 6 5 7
49 39 10 2 1 5 4 0 6 7 3
49 40 9 2 3 1 7 4 6 0 5
49 40 9 6 0 1 4 3 2 5 7
49 37 12 7 3 0 1 2 6 5 4
50 43 7 1 0 5 3 2 6 7 4
50 41 9 3 1 4 7 6 0 5 2
50 42 8 3 1 5 0 4 2 6 7
50 41 9 3 1 5 0 4 6 7 2
50 44 6 3 1 5 4 6 7 0 2
50 40 10 4 1 5 0 2 6 7 3
50 41 9 7 1 4 3 2 6 0 5
50 35 15 7 3 0 4 2 6 1 5
51 41 10 0 1 4 7 3 6 5 2
51 44 7 1 0 5 4 3 2 6 7
51 44 7 2 0 4 3 6 1 5 7
51 44 7 3 0 1 5 2 6 7 4
51 42 9 4 3 5 1 2 6 7 0
52 47 5 2 1 0 4 3 6 5 7
52 43 9 2 1 5 3 0 6 7 4
52 47 5 3 1 5 4 7 0 2 6
52 49 3 3 1 7 5 2 6 4 0
52 41 11 4 6 1 0 3 2 5 7
53 48 5 0 1 5 2 3 6 7 4
53 44 9 2 1 4 3 6 5 0 7
53 42 11 2 6 1 4 3 0 5 7
53 45 8 3 0 4 2 6 1 5 7
53 51 2 3 1 5 7 4 2 6 0
53 42 11 4 3 5 1 2 0 6 7
53 39 14 4 6 3 1 2 0 5 7
53 41 12 6 1 4 2 3 0 5 7
53 41 12 6 3 1 4 2 5 7 0
53 41 12 6 3 1 4 7 2 5 0
53 44 9 7 1 4 2 3 6 5 0
53 42 11 7 1 4 3 0 6 5 2
54 44 10 1 0 4 7 2 6 5 3
54 45 9 1 0 5 4 3 6 7 2
54 44 10 2 6 1 4 0 3 5 7
54 45 9 3 1 4 2 6 5 0 7
54 45 9 3 1 4 2 7 6 0 5
54 48 6 3 1 5 2 6 0 7 4
54 49 5 3 1 7 5 2 0 6 4
54 45 9 4 1 5 0 3 2 6 7
54 43 11 4 3 1 7 2 0 6 5
54 41 13 6 3 0 4 2 5 1 7
55 45 10 0 3 1 7 4 6 5 2
55 48 7 0 6 1 3 4 2 5 7
55 49 6 1 3 5 4 2 0 6 7
55 48 7 1 4 3 7 2 6 5 0
55 44 11 1 6 4 2 3 0 5 7
55 46 9 2 1 5 4 3 0 6 7
55 46 9 2 4 3 1 0 6 5 7
55 44 11 3 0 5 4 6 1 7 2
55 47 8 3 1 0 4 7 2 5 6
55 44 11 3 6 1 0 2 5 7 4
55 45 10 4 6 1 0 2 3 5 7
55 43 12 6 0 4 3 2 1 5 7
55 43 12 6 1 4 3 0 2 5 7
55 45 10 6 1 5 3 2 0 7 4
55 41 14 7 1 4 0 2 6 5 3
55 49 6 7 1 5 4 3 2 6 0
56 47 9 0 1 5 4 7 2 6 3
56 50 6 1 4 2 0 3 6 5 7
56 49 7 1 4 5 3 2 6 7 0
56 46 10 2 1 4 3 7 6 0 5
56 44 12 2 1 4 7 0 6 5 3
56 47 9 2 3 5 1 4 0 6 7
56 47 9 2 3 5 4 0 1 6 7
56 45 11 3 0 6 4 2 5 1 7
56 49 7 3 1 0 5 7 2 6 4
56 51 5 3 1 5 4 6 7 2 0
56 47 9 3 6 0 1 4 2 5 7
56 44 12 3 6 1 0 7 2 5 4
56 44 12 3 6 1 4 7 2 0 5
56 48 8 4 1 5 3 2 6 7 0
56 46 10 6 1 4 0 2 3 5 7
56 43 13 6 1 4 3 2 5 0 7
56 41 15 6 1 5 4 2 0 7 3
56 45 11 6 3 1 0 4 2 5 7
56 46 10 7 0 1 4 2 3 6 5
57 52 5 0 1 5 3 4 2 6 7
57 48 9 1 5 0 4 2 6 7 3
57 46 11 1 6 4 3 0 2 5 7
57 53 4 2 0 1 4 3 6 5 7
57 46 11 2 1 4 0 7 6 5 3
57 47 10 2 1 4 7 3 6 5 0
57 47 10 3 0 1 7 2 6 5 4
57 46 11 3 1 4 0 7 6 5 2
57 54 3 3 1 5 7 4 2 0 6
57 45 12 3 6 1 4 0 5 7 2
57 47 10 3 6 1 7 4 2 5 0
57 46 11 4 1 5 0 3 6 7 2
57 43 14 4 3 0 7 2 6 1 5
57 47 10 4 3 1 0 6 2 5 7
57 46 11 4 3 1 7 6 0 5 2
57 46 11 7 3 1 4 0 2 6 5
57 50 7 7 3 5 1 2 6 0 4
57 45 12 7 6 1 4 3 2 5 0
58 50 8 0 1 4 2 7 6 5 3
58 50 8 0 1 5 3 7 2 6 4
58 52 6 0 2 4 3 6 1 5 7
58 52 6 0 3 1 5 2 6 7 4
58 49 9 0 6 1 4 2 5 7 3
58 49 9 1 4 5 3 2 0 6 7
58 46 12 1 6 4 3 2 5 0 7
58 50 8 2 1 5 4 3 6 7 0
58 49 9 3 0 1 7 2 6 4 5
58 51 7 3 1 0 5 4 2 6 7
58 48 10 3 1 4 7 0 2 6 5
58 45 13 3 6 4 0 2 5 1 7
58 49 9 7 3 1 4 6 5 0 2
59 52 7 0 1 5 3 4 6 7 2
59 50 9 1 4 5 2 3 6 0 7
59 51 8 1 5 0 3 2 6 7 4
59 48 11 3 0 4 7 2 1 6 5
59 51 8 3 1 4 7 6 5 0 2
59 53 6 3 1 5 4 0 7 2 6
59 54 5 3 1 5 7 0 2 6 4
59 49 10 3 1 7 0 2 6 4 5
59 48 11 4 3 5 0 2 1 6 7
59 46 13 6 1 5 4 2 3 0 7
59 47 12 6 1 5 4 3 0 7 2
60 51 9 0 1 4 3 7 6 5 2
60 49 11 0 6 1 4 7 2 5 3
60 54 6 1 0 5 2 3 6 7 4
60 52 8 1 2 5 4 3 0 6 7
60 52 8 1 5 0 4 3 2 6 7
60 51 9 1 6 5 3 2 0 7 4
60 54 6 2 1 0 3 6 5 4 7
60 50 10 2 3 1 7 4 0 6 5
60 52 8 2 4 0 3 6 1 5 7
60 51 9 3 1 0 5 4 6 7 2
60 55 5 3 1 5 2 6 7 0 4
60 49 11 3 5 4 0 2 1 6 7
60 51 9 4 1 0 5 2 6 7 3
60 50 10 6 1 0 4 3 2 5 7
60 49 11 6 3 1 7 2 0 5 4
60 51 9 7 3 1 4 6 2 5 0
60 52 8 7 3 5 4 2 1 6 0
61 56 5 0 1 4 3 6 2 5 7
61 54 7 0 3 4 2 6 1 5 7
61 56 5 1 3 5 4 2 6 0 7
61 53 8 1 4 3 2 0 6 5 7
61 54 7 2 1 5 3 4 6 7 0
61 50 11 2 1 5 4 6 0 7 3
61 50 11 2 3 0 7 4 6 1 5
61 51 10 3 1 0 4 6 7 5 2
61 55 6 3 1 7 5 0 2 6 4
61 49 12 3 5 6 4 2 1 0 7
61 52 9 3 6 1 5 2 0 7 4
61 54 7 4 0 5 1 2 3 6 7
61 51 10 7 1 4 3 2 0 6 5
61 51 10 7 4 3 1 2 6 5 0
62 56 6 1 0 5 4 2 3 6 7
62 48 14 1 6 5 4 2 0 7 3
62 53 9 2 1 5 3 6 0 7 4
62 53 9 2 1 5 4 3 6 0 7
62 55 7 3 1 0 2 6 5 4 7
62 58 4 3 1 5 7 4 0 2 6
62 54 8 3 1 7 5 0 6 4 2
62 55 7 4 1 5 7 3 2 6 0
62 46 16 6 1 4 7 2 0 5 3
62 50 12 7 0 3 1 2 6 5 4
62 51 11 7 1 0 3 2 6 4 5
62 49 13 7 6 1 4 2 3 5 0
63 58 5 0 4 2 1 3 6 5 7
63 52 11 1 0 4 7 3 6 5 2
63 56 7 1 3 5 4 0 2 6 7
63 54 9 2 1 4 3 6 5 7 0
63 56 7 3 0 1 4 7 2 5 6
63 55 8 3 1 4 2 6 5 7 0
63 57 6 3 1 6 5 7 2 0 4
63 54 9 3 4 0 2 6 1 5 7
63 55 8 4 1 0 5 3 2 6 7
63 53 10 4 6 0 1 3 2 5 7
63 48 15 6 4 3 1 2 0 5 7
63 49 14 7 0 1 4 6 3 5 2
63 56 7 7 1 5 4 3 2 0 6
64 58 6 0 3 1 6 4 2 5 7
64 57 7 0 3 5 1 2 6 7 4
64 59 5 1 0 5 3 2 4 6 7
64 58 6 1 0 5 3 4 2 6 7
64 56 8 1 4 3 7 2 6 0 5
64 60 4 1 5 7 3 2 6 0 4
64 56 8 2 0 5 4 3 1 6 7
64 55 9 2 1 5 0 4 6 7 3
64 56 8 2 1 5 4 0 3 6 7
64 51 13 3 0 4 7 6 1 5 2
64 53 11 3 0 5 4 7 1 2 6
64 55 9 3 1 0 2 7 6 4 5
64 60 4 3 1 5 7 2 0 6 4
64 55 9 4 0 1 7 2 3 6 5
64 56 8 6 0 1 3 4 2 5 7
64 54 10 7 1 4 2 3 6 0 5
64 54 10 7 1 4 3 6 0 5 2
64 58 6 7 3 5 1 2 6 4 0
65 59 6 0 3 1 4 7 2 5 6
65 58 7 0 3 1 4 7 2 6 5
65 57 8 0 6 1 3 2 5 7 4
65 55 10 1 5 0 4 3 6 7 2
65 58 7 1 5 7 4 2 6 0 3
65 57 8 2 1 0 3 7 6 4 5
65 57 8 2 3 5 1 0 4 6 7
65 59 6 3 0 1 5 4 2 6 7
65 57 8 3 0 1 5 7 2 6 4
65 55 10 3 0 5 2 6 1 7 4
65 57 8 3 0 6 1 4 2 5 7
65 56 9 3 1 4 0 7 2 5 6
65 55 10 3 1 4 2 7 0 6 5
65 60 5 3 1 4 7 5 2 6 0
65 57 8 3 1 5 0 6 7 2 4
65 61 4 3 1 5 2 6 7 4 0
65 52 13 4 3 5 0 2 6 7 1
65 54 11 4 3 5 1 0 2 6 7
65 53 12 4 3 5 1 0 6 7 2
65 56 9 4 6 0 1 2 3 5 7
65 54 11 6 0 4 2 3 1 5 7
65 56 9 6 1 5 3 2 7 0 4
65 51 14 7 0 3 4 2 6 1 5
65 53 12 7 1 4 0 3 6 5 2
65 56 9 7 1 5 0 3 2 6 4
65 59 6 7 3 1 4 5 2 6 0
66 56 10 0 3 5 4 6 1 7 2
66 57 9 0 7 1 4 2 3 6 5
66 62 4 1 3 5 4 2 6 7 0
66 55 11 1 4 0 7 2 6 5 3
66 57 9 1 4 5 0 2 6 7 3
66 56 10 1 6 4 2 0 3 5 7
66 55 11 1 6 5 4 3 0 7 2
66 61 5 2 0 1 3 6 5 4 7
66 58 8 2 1 5 0 3 6 7 4
66 56 10 2 4 3 1 6 0 5 7
66 54 12 2 6 1 4 3 5 0 7
66 63 3 3 1 7 5 4 2 6 0
66 61 5 3 1 7 5 4 6 0 2
66 56 10 3 6 0 1 2 5 7 4
66 57 9 4 1 5 3 2 6 0 7
66 53 13 4 6 1 7 3 2 5 0
66 57 9 6 1 0 3 2 5 4 7
66 54 12 6 3 1 0 2 5 7 4
66 51 15 7 3 4 0 2 6 1 5
66 58 8 7 3 5 1 2 0 6 4
67 59 8 0 1 4 7 3 2 6 5
67 59 8 0 3 1 7 2 6 4 5
67 57 10 0 3 6 4 2 5 1 7
67 56 11 0 6 4 3 2 1 5 7
67 59 8 1 0 5 3 7 2 6 4
67 57 10 1 0 5 4 7 2 6 3
67 62 5 1 3 0 4 2 6 5 7
67 65 2 1 3 5 4 7 2 6 0
67 57 10 1 4 2 7 3 6 5 0
67 57 10 1 4 3 7 0 6 5 2
67 59 8 1 6 0 3 2 5 4 7
67 57 10 2 1 4 3 7 0 6 5
67 57 10 2 3 5 4 1 0 6 7
67 58 9 2 3 5 4 7 1 6 0
67 56 11 3 0 1 7 4 6 5 2
67 55 12 3 0 7 5 2 1 6 4
67 58 9 3 1 0 7 4 2 5 6
67 60 7 3 1 4 7 6 5 2 0
67 58 9 4 3 0 1 6 2 5 7
67 55 12 4 3 1 7 0 2 6 5
67 54 13 4 6 3 1 0 2 5 7
67 55 12 6 0 3 4 2 5 1 7
67 54 13 6 1 4 2 3 5 0 7
67 56 11 6 1 5 2 3 0 7 4
67 56 11 6 1 5 3 0 2 7 4
67 57 10 6 3 0 1 4 2 5 7
67 54 13 6 3 1 0 7 2 5 4
67 54 13 6 3 1 4 7 2 0 5
67 59 8 7 1 5 3 0 2 6 4
67 59 8 7 3 1 4 6 5 2 0
68 63 5 0 1 5 4 2 3 6 7
68 60 8 0 1 5 4 3 7 2 6
68 62 6 0 4 5 1 2 3 6 7
68 58 10 0 6 1 3 7 2 5 4
68 58 10 0 6 1 4 3 5 7 2
68 58 10 0 6 4 3 1 2 5 7
68 59 9 1 0 4 2 7 6 5 3
68 62 6 1 0 4 3 6 2 5 7
68 60 8 1 0 5 3 4 6 7 2
68 61 7 1 2 4 3 6 0 5 7
68 61 7 1 2 5 4 0 3 6 7
68 60 8 1 4 5 2 3 6 7 0
68 59 9 1 4 5 3 0 2 6 7
68 58 10 1 4 5 3 0 6 7 2
68 61 7 1 5 0 2 3 6 7 4
68 60 8 1 5 3 0 2 6 7 4
68 58 10 1 5 4 0 2 6 7 3
68 65 3 1 5 7 3 2 6 4 0
68 56 12 1 6 4 2 3 5 0 7
68 58 10 2 1 0 4 7 6 5 3
68 61 7 2 1 3 0 6 5 4 7
68 60 8 2 1 5 3 4 0 6 7
68 59 9 2 3 1 5 0 6 7 4
68 57 11 2 4 3 1 7 6 5 0
68 58 10 2 6 1 3 4 0 5 7
68 58 10 3 1 0 7 2 6 5 4
68 63 5 3 1 5 7 0 4 2 6
68 65 3 3 1 5 7 2 6 0 4
68 59 9 3 1 6 5 4 2 0 7
68 56 12 3 5 0 4 6 1 7 2
68 61 7 3 5 4 7 2 1 6 0
68 58 10 3 6 1 7 2 0 5 4
68 57 11 3 6 5 1 4 2 0 7
68 58 10 4 1 0 5 3 6 7 2
68 58 10 4 3 1 7 6 2 5 0
68 58 10 4 3 1 7 6 5 0 2
68 54 14 4 6 3 1 2 5 0 7
68 54 14 6 1 4 7 3 0 5 2
68 57 11 6 3 1 7 4 2 5 0
68 57 11 7 1 0 4 2 3 6 5
68 63 5 7 1 5 3 4 2 6 0
68 57 11 7 1 5 4 0 2 6 3
69 65 4 0 1 5 3 2 4 6 7
69 60 9 0 1 5 7 3 2 6 4
69 59 10 0 1 5 7 4 2 6 3
69 61 8 0 1 7 3 2 6 4 5
69 58 11 0 1 7 5 2 6 4 3
69 62 7 0 4 3 2 1 6 5 7
69 61 8 1 2 5 4 3 6 0 7
69 62 7 1 4 2 3 0 6 5 7
69 60 9 1 4 5 2 3 0 6 7
69 61 8 1 6 5 3 2 7 0 4
69 61 8 2 0 1 7 4 3 6 5
69 58 11 2 1 4 7 3 6 0 5
69 61 8 2 1 5 3 7 0 6 4
69 61 8 2 4 3 0 1 6 5 7
69 63 6 3 0 1 2 6 5 4 7
69 61 8 3 0 1 5 4 6 7 2
69 64 5 3 1 6 5 7 2 4 0
69 60 9 3 2 4 0 6 1 5 7
69 57 12 3 6 0 1 7 2 5 4
69 58 11 3 6 1 4 5 0 7 2
69 58 11 3 6 1 7 4 2 0 5
69 61 8 4 0 1 5 2 6 7 3
69 58 11 4 1 5 3 0 6 7 2
69 60 9 4 3 5 7 2 1 6 0
69 59 10 6 0 1 4 2 5 7 3
69 57 12 6 1 4 3 2 5 7 0
69 57 12 6 1 4 3 7 2 5 0
69 55 14 6 3 4 0 2 5 1 7
69 56 13 6 4 0 3 2 1 5 7
69 56 13 7 1 0 4 2 6 5 3
69 55 14 7 1 4 2 0 6 5 3
70 60 10 0 3 4 7 2 1 6 5
70 63 7 1 5 0 4 2 3 6 7
70 61 9 1 5 4 0 3 2 6 7
70 65 5 1 5 7 3 2 0 6 4
70 59 11 1 6 4 3 2 5 7 0
70 59 11 1 6 4 3 7 2 5 0
70 55 15 1 6 4 7 2 0 5 3
70 57 13 2 1 4 7 6 0 5 3
70 62 8 2 1 5 3 4 6 0 7
70 59 11 2 1 5 4 7 0 6 3
70 62 8 2 3 5 0 4 1 6 7
70 61 9 2 4 3 0 6 1 5 7
70 56 14 2 6 1 4 7 3 5 0
70 61 9 3 1 0 2 6 7 5 4
70 63 7 3 1 7 5 6 0 4 2
70 57 13 3 5 6 4 2 0 1 7
70 57 13 3 6 1 4 7 0 2 5
70 62 8 3 6 1 5 2 7 0 4
70 59 11 3 6 1 7 2 0 4 5
70 64 6 4 0 2 1 3 6 5 7
70 58 12 4 1 5 0 7 2 6 3
70 60 10 4 1 5 3 0 2 6 7
70 64 6 4 1 5 3 7 2 6 0
70 60 10 4 3 0 5 2 1 6 7
70 62 8 4 5 0 1 2 3 6 7
70 58 12 4 6 1 3 0 2 5 7
70 56 14 4 6 1 7 2 3 5 0
70 60 10 5 3 1 0 2 6 7 4
70 56 14 6 0 5 3 2 1 7 4
70 58 12 6 3 1 7 4 0 5 2
70 61 9 7 3 5 4 2 1 0 6
71 62 9 0 1 5 4 6 7 2 3
71 67 4 0 2 1 3 6 5 4 7
71 66 5 0 3 1 5 4 2 6 7
71 66 5 0 3 5 1 2 4 6 7
71 64 7 0 3 5 4 1 2 6 7
71 61 10 1 0 4 3 7 6 5 2
71 68 3 1 3 5 4 7 2 0 6
71 62 9 1 4 3 2 6 0 5 7
71 63 8 1 4 3 2 7 6 5 0
71 65 6 1 5 0 3 2 4 6 7
71 61 10 1 5 6 4 3 2 0 7
71 61 10 1 6 5 2 3 0 7 4
71 61 10 1 6 5 3 0 2 7 4
71 63 8 2 1 5 3 6 7 0 4
71 61 10 2 3 1 7 0 4 6 5
71 63 8 2 3 4 0 6 1 5 7
71 59 12 2 6 1 4 0 5 7 3
71 62 9 3 0 1 4 6 7 5 2
71 60 11 3 1 0 7 6 5 4 2
71 63 8 3 1 2 0 6 5 4 7
71 69 2 3 1 5 7 2 6 4 0
71 64 7 3 1 6 5 7 0 2 4
71 67 4 3 1 7 5 4 2 0 6
71 67 4 3 1 7 5 4 6 2 0
71 57 14 3 6 0 4 7 2 1 5
71 64 7 4 0 1 5 3 2 6 7
71 58 13 4 0 1 7 6 3 5 2
71 58 13 4 0 3 7 2 6 1 5
71 63 8 4 1 5 7 3 2 0 6
71 57 14 6 1 4 7 2 3 5 0
71 57 14 6 1 5 4 2 7 0 3
71 60 11 6 1 5 4 3 7 0 2
71 61 10 6 3 1 5 2 0 7 4
71 61 10 6 3 1 7 2 5 0 4
71 61 10 7 3 1 4 6 2 0 5
71 58 13 7 6 1 0 3 2 5 4
71 58 13 7 6 1 4 3 2 0 5
72 62 10 0 1 7 5 3 2 6 4
72 65 7 0 2 5 4 3 1 6 7
72 66 6 0 3 5 1 4 2 6 7
72 62 10 0 5 4 3 2 1 6 7
72 60 12 0 6 4 3 2 5 1 7
72 68 4 1 0 3 4 2 6 5 7
72 65 7 1 5 0 3 4 2 6 7
72 66 6 1 5 7 4 2 6 3 0
72 66 6 1 5 7 4 3 6 0 2
72 69 3 2 0 1 3 4 6 5 7
72 67 5 2 0 3 1 6 4 5 7
72 62 10 2 0 3 7 4 6 1 5
72 63 9 2 0 5 3 6 1 7 4
72 62 10 2 0 5 4 6 1 7 3
72 65 7 2 1 4 3 0 5 7 6
72 65 7 3 0 1 6 4 2 5 7
72 66 6 3 1 4 7 5 2 0 6
72 65 7 3 1 5 0 4 7 2 6
72 67 5 3 1 5 2 0 7 4 6
72 60 12 3 4 0 7 2 1 6 5
72 61 11 3 6 1 2 0 5 7 4
72 62 10 3 6 1 5 0 2 7 4
72 61 11 4 1 7 5 2 6 0 3
72 64 8 4 3 1 5 2 6 7 0
72 60 12 4 6 1 0 2 5 7 3
72 61 11 6 0 1 7 2 3 5 4
72 57 15 6 0 5 4 2 1 7 3
72 61 11 6 1 4 0 3 2 5 7
72 57 15 6 1 5 4 0 2 7 3
72 60 12 6 1 5 4 2 3 7 0
72 59 13 6 2 4 3 0 1 5 7
72 64 8 7 1 5 4 3 0 2 6
72 62 10 7 3 1 4 0 2 5 6
72 61 11 7 3 5 0 2 1 6 4
72 61 11 7 6 1 3 4 2 5 0
73 67 6 0 1 4 3 7 2 5 6
73 66 7 0 3 6 1 4 2 5 7
73 65 8 0 4 1 7 2 3 6 5
73 62 11 0 4 5 3 2 6 7 1
73 66 7 1 3 5 0 2 6 7 4
73 68 5 1 3 5 0 7 2 6 4
73 63 10 1 6 4 0 3 2 5 7
73 66 7 2 0 1 3 7 6 4 5
73 65 8 2 1 0 5 4 6 7 3
73 64 9 2 1 4 0 6 5 7 3
73 62 11 2 1 5 4 6 7 0 3
73 67 6 2 3 5 1 7 4 6 0
73 65 8 3 0 1 2 7 6 4 5
73 65 8 3 0 5 1 2 6 7 4
73 66 7 3 1 4 0 5 2 6 7
73 62 11 3 1 4 0 6 7 5 2
73 65 8 3 1 4 2 0 5 7 6
73 67 6 3 1 7 5 4 0 6 2
73 64 9 3 2 1 4 7 0 5 6
73 66 7 3 2 1 5 7 0 6 4
73 62 11 3 5 6 4 2 1 7 0
73 62 11 3 6 1 7 0 2 5 4
73 64 9 4 0 6 1 3 2 5 7
73 58 15 4 3 7 0 2 6 1 5
73 61 12 6 0 1 4 7 2 5 3
73 62 11 6 1 5 3 4 0 7 2
73 60 13 6 1 5 4 0 3 7 2
73 61 12 6 1 5 4 3 2 0 7
73 61 12 6 3 1 7 0 2 5 4
73 63 10 7 0 1 3 2 6 4 5
73 62 11 7 1 4 3 0 2 6 5
73 61 12 7 3 1 0 6 2 5 4
73 66 7 7 3 1 4 5 2 0 6
73 62 11 7 3 5 4 0 1 6 2
73 62 11 7 4 3 1 2 6 0 5
74 70 4 0 1 3 2 6 5 4 7
74 66 8 0 3 1 5 7 2 6 4
74 61 13 0 4 3 7 2 6 5 1
74 63 11 0 7 3 1 2 6 5 4
74 68 6 1 3 4 0 2 6 5 7
74 65 9 1 4 3 7 2 0 6 5
74 69 5 1 5 3 4 2 6 7 0
74 69 5 1 5 7 2 3 6 0 4
74 66 8 1 5 7 4 2 0 6 3
74 67 7 2 1 0 5 3 6 7 4
74 66 8 2 1 5 4 7 3 6 0
74 62 12 2 3 7 0 4 6 1 5
74 61 13 2 4 5 3 6 1 0 7
74 65 9 2 5 0 4 3 1 6 7
74 66 8 3 0 1 4 7 2 6 5
74 63 11 3 0 5 7 4 1 2 6
74 64 10 3 1 4 0 6 5 7 2
74 64 10 3 1 4 0 7 2 6 5
74 70 4 3 1 5 7 6 4 2 0
74 67 7 3 1 7 0 5 2 6 4
74 65 9 3 1 7 2 0 6 4 5
74 66 8 3 2 1 5 4 0 6 7
74 64 10 3 4 2 0 6 1 5 7
74 64 10 3 4 2 1 0 6 5 7
74 59 15 3 6 4 7 2 5 1 0
74 66 8 4 0 6 1 2 3 5 7
74 67 7 4 1 0 3 2 6 5 7
74 63 11 4 3 1 6 0 2 5 7
74 67 7 4 3 5 1 7 2 6 0
74 65 9 6 1 0 3 4 2 5 7
74 66 8 6 1 5 3 2 7 4 0
74 60 14 6 1 5 4 2 0 3 7
74 63 11 7 1 3 0 2 6 4 5
74 65 9 7 1 4 3 6 5 0 2
75 69 6 0 1 4 2 6 5 7 3
75 68 7 0 1 5 3 6 2 7 4
75 67 8 0 1 5 3 6 7 2 4
75 63 12 0 1 7 5 3 6 4 2
75 69 6 0 2 5 4 1 3 6 7
75 70 5 0 3 1 2 6 5 4 7
75 71 4 0 3 1 4 5 2 6 7
75 66 9 0 3 5 2 6 1 7 4
75 65 10 0 3 5 4 7 1 2 6
75 63 12 0 6 1 7 4 2 5 3
75 68 7 1 0 6 3 2 5 4 7
75 69 6 1 2 4 3 0 6 5 7
75 68 7 1 2 5 3 7 0 6 4
75 68 7 1 3 5 4 0 6 7 2
75 69 6 1 3 5 4 6 0 7 2
75 67 8 1 4 0 5 2 6 7 3
75 65 10 1 4 0 7 2 6 3 5
75 70 5 1 4 5 3 7 2 6 0
75 68 7 1 5 0 3 7 2 6 4
75 69 6 1 5 4 3 2 6 7 0
75 68 7 2 0 5 4 1 3 6 7
75 71 4 2 1 0 3 4 6 5 7
75 66 9 2 1 3 0 7 6 4 5
75 66 9 3 1 0 5 6 7 2 4
75 65 10 3 1 2 0 7 6 4 5
75 66 9 3 1 4 6 7 2 5 0
75 66 9 3 1 5 0 6 7 4 2
75 64 11 3 4 5 2 6 1 0 7
75 63 12 3 6 1 0 4 5 7 2
75 65 10 4 1 0 7 2 3 6 5
75 67 8 6 0 1 3 2 5 4 7
75 66 9 6 0 1 3 2 5 7 4
75 65 10 7 1 0 2 3 6 4 5
75 64 11 7 1 0 4 3 2 5 6
75 68 7 7 1 5 3 2 0 6 4
75 69 6 7 1 5 3 4 2 0 6
75 59 16 7 3 0 4 6 5 1 2
75 63 12 7 3 1 0 4 2 6 5
75 66 9 7 3 1 0 5 2 6 4
75 63 12 7 6 3 1 2 0 5 4
76 73 3 0 1 2 3 6 5 4 7
76 73 3 0 1 3 4 2 6 5 7
76 69 7 0 1 4 3 6 5 7 2
76 68 8 0 3 1 7 4 2 6 5
76 70 6 0 3 5 1 2 6 4 7
76 70 6 0 4 2 3 1 6 5 7
76 68 8 0 4 5 1 2 6 7 3
76 67 9 0 6 4 2 1 3 5 7
76 66 10 0 6 4 2 3 1 5 7
76 72 4 1 0 3 2 6 4 5 7
76 69 7 1 3 5 0 4 2 6 7
76 72 4 1 3 5 4 7 0 2 6
76 69 7 1 4 0 3 6 2 5 7
76 64 12 1 4 0 7 3 6 5 2
76 67 9 1 4 5 7 2 6 0 3
76 66 10 1 5 4 0 3 6 7 2
76 71 5 1 5 4 7 3 2 6 0
76 69 7 1 6 0 2 3 5 4 7
76 63 13 1 6 5 4 2 7 0 3
76 69 7 2 0 5 3 4 1 6 7
76 69 7 2 1 3 7 6 5 4 0
76 69 7 2 1 5 3 0 4 6 7
76 67 9 2 3 1 6 4 0 5 7
76 68 8 3 0 1 7 4 2 5 6
76 66 10 3 0 4 2 7 1 6 5
76 65 11 3 0 5 7 2 1 6 4
76 67 9 3 0 6 1 2 5 7 4
76 66 10 3 1 4 2 0 7 6 5
76 65 11 3 5 0 4 7 1 2 6
76 64 12 4 1 5 7 0 2 6 3
76 64 12 4 1 6 5 3 2 0 7
76 69 7 4 3 1 7 5 2 6 0
76 62 14 4 6 1 0 7 2 5 3
76 71 5 5 3 1 4 7 2 6 0
76 61 15 5 6 1 4 2 0 7 3
76 60 16 6 0 5 4 3 1 7 2
76 68 8 6 1 0 2 3 5 4 7
76 61 15 6 1 4 2 7 0 5 3
76 63 13 6 1 4 3 7 0 5 2
76 62 14 6 3 4 2 0 1 5 7
76 62 14 7 0 4 3 2 1 6 5
76 66 10 7 1 0 5 3 2 6 4
76 65 11 7 1 4 2 3 0 6 5
76 67 9 7 1 4 3 6 2 5 0
76 64 12 7 2 4 3 6 1 5 0
76 67 9 7 3 5 1 0 2 6 4
76 63 13 7 4 3 1 0 6 5 2
76 59 17 7 6 1 4 0 2 5 3
77 74 3 0 1 4 2 3 5 7 6
77 70 7 0 2 1 7 4 3 6 5
77 70 7 0 3 1 5 4 6 7 2
77 65 12 0 3 4 7 6 1 5 2
77 67 10 0 3 5 4 2 6 7 1
77 70 7 0 4 1 5 2 6 7 3
77 69 8 0 4 5 3 1 2 6 7
77 64 13 0 7 1 4 6 3 5 2
77 68 9 1 0 4 7 3 2 6 5
77 69 8 1 2 4 3 6 5 0 7
77 70 7 1 2 5 4 3 6 7 0
77 70 7 1 2 5 4 7 3 6 0
77 68 9 1 4 3 7 6 0 5 2
77 70 7 1 4 5 0 2 3 6 7
77 69 8 1 5 2 0 3 6 7 4
77 71 6 1 5 7 3 0 2 6 4
77 68 9 1 6 3 0 2 5 4 7
77 64 13 1 6 4 7 3 0 5 2
77 70 7 1 6 5 3 2 7 4 0
77 63 14 1 6 5 4 0 2 7 3
77 67 10 1 6 5 4 3 7 0 2
77 68 9 2 0 4 3 7 1 6 5
77 68 9 2 1 4 3 0 7 6 5
77 70 7 2 1 5 0 4 3 6 7
77 70 7 2 1 5 3 7 6 0 4
77 68 9 2 3 1 4 7 0 5 6
77 70 7 2 3 1 5 4 6 7 0
77 70 7 2 4 0 3 1 6 5 7
77 67 10 2 5 1 3 6 0 4 7
77 66 11 2 6 1 3 0 5 7 4
77 63 14 2 6 1 4 7 0 5 3
77 70 7 3 0 1 4 5 6 7 2
77 68 9 3 1 4 0 6 5 2 7
77 69 8 3 1 4 7 0 5 2 6
77 69 8 3 1 6 5 4 2 7 0
77 68 9 3 1 7 0 4 2 5 6
77 67 10 3 1 7 0 4 2 6 5
77 68 9 3 1 7 0 5 6 4 2
77 72 5 3 1 7 5 4 0 2 6
77 71 6 3 1 7 5 6 4 0 2
77 66 11 3 2 6 1 4 0 5 7
77 66 11 3 5 0 2 6 1 7 4
77 66 11 3 5 4 2 0 1 6 7
77 69 8 3 5 4 7 2 1 0 6
77 69 8 3 5 7 4 6 1 0 2
77 67 10 3 6 7 1 2 5 0 4
77 67 10 4 1 5 3 2 0 6 7
77 66 11 4 3 5 1 6 0 7 2
77 73 4 5 3 1 7 2 6 4 0
77 66 11 6 1 0 3 2 7 5 4
77 67 10 6 1 3 0 2 5 4 7
77 67 10 7 3 4 5 2 6 1 0
77 66 11 7 3 5 1 0 6 4 2
77 63 14 7 6 1 0 2 3 5 4
77 63 14 7 6 1 4 2 3 0 5
78 73 5 0 1 5 2 3 7 4 6
78 69 9 0 1 5 7 3 4 2 6
78 69 9 0 3 1 6 7 2 5 4
78 72 6 0 4 1 5 3 2 6 7
78 70 8 0 5 3 1 2 6 7 4
78 69 9 1 0 5 4 3 7 2 6
78 68 10 1 2 5 4 7 0 6 3
78 77 1 1 3 5 7 4 2 6 0
78 70 8 1 4 2 3 6 0 5 7
78 70 8 1 4 5 2 0 3 6 7
78 69 9 1 4 5 3 6 0 7 2
78 69 9 1 5 0 3 4 6 7 2
78 70 8 1 5 7 3 0 6 4 2
78 73 5 1 5 7 4 3 6 2 0
78 69 9 2 0 1 4 7 6 5 3
78 71 7 2 3 0 5 4 1 6 7
78 69 9 2 3 1 5 6 0 7 4
78 71 7 2 3 5 0 1 4 6 7
78 68 10 2 3 5 4 1 6 0 7
78 68 10 2 3 5 4 7 1 0 6
78 67 11 2 4 3 1 6 5 0 7
78 69 9 2 4 5 1 0 3 6 7
78 67 11 2 6 0 4 3 5 1 7
78 69 9 2 6 1 3 0 4 5 7
78 72 6 3 1 2 7 6 5 4 0
78 71 7 3 1 5 6 0 7 2 4
78 69 9 3 1 7 0 2 6 5 4
78 70 8 3 2 0 4 6 1 5 7
78 70 8 3 5 1 2 6 0 4 7
78 71 7 3 6 1 5 2 7 4 0
78 69 9 3 6 1 7 2 5 0 4
78 64 14 3 6 4 2 0 5 1 7
78 70 8 3 6 5 1 7 2 0 4
78 69 9 4 0 1 5 3 6 7 2
78 70 8 4 0 3 2 1 6 5 7
78 70 8 4 1 5 0 2 3 6 7
78 71 7 4 1 5 3 7 2 0 6
78 66 12 4 3 0 5 2 6 7 1
78 67 11 4 3 1 0 7 2 5 6
78 69 9 4 3 1 7 6 5 2 0
78 64 14 4 6 5 1 3 2 0 7
78 71 7 5 3 1 4 2 6 7 0
78 68 10 5 6 1 3 2 0 7 4
78 63 15 6 0 4 7 2 1 5 3
78 63 15 6 1 4 7 0 2 5 3
78 68 10 6 1 5 2 3 7 0 4
78 67 11 6 3 0 1 2 5 7 4
78 67 11 6 3 5 1 2 0 7 4
78 66 12 6 4 0 2 3 1 5 7
78 64 14 6 4 3 1 0 2 5 7
78 64 14 7 1 0 4 6 3 5 2
78 69 9 7 3 1 4 0 5 2 6
78 67 11 7 3 4 2 6 1 5 0
78 65 13 7 3 5 0 2 6 4 1
78 64 14 7 6 1 4 0 3 5 2
79 75 4 0 1 4 3 2 5 7 6
79 75 4 0 1 4 3 5 2 6 7
79 71 8 0 1 5 2 6 7 4 3
79 73 6 0 3 1 4 6 5 2 7
79 72 7 0 3 1 7 2 4 6 5
79 68 11 0 3 4 7 2 6 1 5
79 69 10 0 4 5 3 1 6 7 2
79 70 9 0 5 4 1 2 6 7 3
79 68 11 0 6 3 4 2 5 1 7
79 66 13 0 7 3 4 2 6 1 5
79 70 9 1 0 5 7 3 2 6 4
79 70 9 1 0 7 3 2 6 4 5
79 72 7 1 3 0 4 7 2 5 6
79 73 6 1 3 5 0 2 4 6 7
79 69 10 1 4 0 2 7 6 5 3
79 68 11 1 4 2 7 3 6 0 5
79 69 10 1 4 5 0 3 6 7 2
79 67 12 1 4 7 0 2 6 5 3
79 68 11 1 5 0 4 7 2 6 3
79 72 7 1 5 3 0 2 4 6 7
79 71 8 1 5 4 0 2 3 6 7
79 69 10 1 5 7 0 2 6 4 3
79 75 4 1 5 7 2 3 6 4 0
79 69 10 1 6 5 3 4 0 7 2
79 67 12 1 6 5 4 0 3 7 2
79 70 9 2 1 0 7 3 6 4 5
79 70 9 2 1 0 7 4 3 6 5
79 70 9 2 1 5 3 0 7 6 4
79 72 7 2 1 5 3 6 7 4 0
79 69 10 2 1 5 4 7 6 0 3
79 72 7 2 3 0 4 6 1 5 7
79 68 11 2 3 1 7 0 6 4 5
79 73 6 2 3 1 7 5 4 6 0
79 68 11 2 3 5 0 7 1 6 4
79 71 8 2 3 5 7 4 1 6 0
79 68 11 2 3 6 4 0 5 1 7
79 67 12 2 6 1 4 3 5 7 0
79 67 12 2 7 1 4 0 3 6 5
79 71 8 3 0 1 2 6 7 5 4
79 68 11 3 1 0 7 4 6 5 2
79 75 4 3 1 4 5 7 2 6 0
79 73 6 3 1 5 6 4 7 2 0
79 69 10 3 1 6 5 4 0 2 7
79 75 4 3 1 7 4 5 2 6 0
79 65 14 3 4 0 7 6 1 5 2
79 68 11 3 6 1 7 4 0 5 2
79 69 10 3 6 5 1 4 2 7 0
79 68 11 3 7 0 5 2 1 6 4
79 69 10 4 1 7 5 3 6 0 2
79 67 12 4 3 1 0 7 2 6 5
79 68 11 4 3 5 1 6 2 0 7
79 69 10 4 6 0 1 2 5 3 7
79 73 6 5 1 4 7 3 2 6 0
79 75 4 5 1 7 3 2 6 4 0
79 72 7 5 7 1 4 2 3 6 0
79 63 16 6 1 4 7 2 5 0 3
79 69 10 6 1 5 3 4 2 7 0
79 64 15 6 4 3 1 2 5 0 7
79 67 12 7 0 5 1 2 3 6 4
79 66 13 7 1 0 4 3 6 5 2
79 75 4 7 1 3 5 2 6 4 0
79 75 4 7 1 5 3 2 4 6 0
79 69 10 7 1 5 4 2 0 6 3
79 70 9 7 1 5 4 2 6 0 3
79 68 11 7 3 1 0 6 5 2 4
79 62 17 7 4 3 0 2 6 5 1
80 77 3 0 1 3 2 6 4 5 7
80 74 6 0 1 4 6 3 2 5 7
80 71 9 0 1 4 7 5 2 6 3
80 74 6 0 2 1 3 7 6 4 5
80 68 12 0 3 7 5 2 1 6 4
80 72 8 0 4 3 2 6 1 5 7
80 68 12 0 4 3 7 1 6 5 2
80 72 8 0 5 4 1 3 2 6 7
80 73 7 0 6 1 2 3 5 7 4
80 75 5 1 0 3 2 6 5 4 7
80 71 9 1 0 7 3 2 5 6 4
80 74 6 1 3 0 5 7 2 6 4
80 80 0 1 3 5 7 2 4 6 0
