14 0 14 6 3 4 7 1 2 5 0
28 20 8 0 3 4 7 1 2 5 6
30 15 15 6 3 4 7 1 2 0 5
31 17 14 6 3 0 7 1 2 5 4
34 16 18 6 3 4 7 0 2 5 1
37 29 8 1 3 4 7 0 2 5 6
38 29 9 3 0 4 7 1 2 5 6
42 31 11 2 3 4 7 1 0 5 6
42 32 10 6 3 5 7 1 2 0 4
42 30 12 7 3 4 0 1 2 5 6
44 31 13 6 3 0 7 1 2 4 5
45 32 13 6 0 3 7 1 2 5 4
46 39 7 1 3 4 7 6 2 5 0
46 32 14 6 3 7 0 1 2 5 4
47 31 16 6 3 4 7 1 0 2 5
48 40 8 1 0 4 7 3 2 5 6
49 39 10 3 4 0 7 1 2 5 6
50 39 11 3 2 4 7 1 0 5 6
51 43 8 1 3 4 0 7 2 5 6
51 43 8 2 0 4 7 1 3 5 6
52 43 9 6 3 5 7 1 2 4 0
53 43 10 2 3 4 7 0 1 5 6
53 35 18 6 3 4 7 2 0 5 1
54 43 11 2 3 4 7 1 5 0 6
54 37 17 6 0 4 7 3 2 5 1
54 43 11 6 3 5 7 1 0 2 4
54 45 9 7 3 4 5 1 2 0 6
55 43 12 7 3 0 4 1 2 5 6
56 49 7 0 1 4 7 3 2 5 6
57 45 12 6 0 3 7 1 2 4 5
57 40 17 6 3 4 0 7 2 5 1
58 46 12 0 6 3 7 1 2 5 4
58 49 9 1 2 4 7 3 0 5 6
58 54 4 1 3 4 5 7 2 0 6
58 49 9 1 4 0 7 3 2 5 6
58 50 8 3 4 5 7 1 2 0 6
59 52 7 0 2 4 7 1 3 5 6
59 52 7 1 3 0 4 7 2 5 6
59 49 10 1 3 0 7 6 2 5 4
59 45 14 6 3 7 0 1 2 4 5
59 48 11 7 3 4 1 0 2 5 6
60 53 7 0 3 4 1 7 2 5 6
60 48 12 0 3 7 6 1 2 5 4
60 47 13 6 3 7 4 1 2 5 0
60 49 11 6 3 7 5 1 2 0 4
61 52 9 2 4 0 7 1 3 5 6
61 51 10 3 2 4 7 1 5 0 6
61 50 11 3 4 7 0 1 2 5 6
61 46 15 6 2 3 7 1 0 5 4
62 59 3 1 3 4 5 7 2 6 0
62 51 11 3 2 4 7 0 1 5 6
62 48 14 6 0 4 7 1 3 2 5
63 54 9 0 3 4 7 2 1 5 6
63 60 3 1 3 5 4 7 2 0 6
63 60 3 1 3 5 7 6 2 0 4
63 55 8 7 3 4 5 1 2 6 0
64 59 5 1 3 0 5 7 2 4 6
64 59 5 1 3 4 5 7 0 2 6
64 55 9 2 3 0 7 1 5 4 6
64 48 16 6 3 4 7 0 1 2 5
64 56 8 7 3 5 4 1 2 0 6
65 56 9 2 0 4 7 3 1 5 6
65 55 10 2 3 4 7 1 5 6 0
65 52 13 6 3 7 1 0 2 5 4
65 55 10 7 3 0 5 1 2 4 6
65 55 10 7 3 4 5 1 0 2 6
66 60 6 1 0 3 4 7 2 5 6
66 64 2 1 3 5 4 7 2 6 0
66 64 2 1 3 5 7 6 2 4 0
66 59 7 1 4 5 7 3 2 0 6
66 57 9 3 1 4 7 0 2 5 6
66 59 7 3 4 5 7 1 2 6 0
67 58 9 0 3 5 7 1 2 4 6
67 59 8 1 2 4 7 0 3 5 6
67 55 12 2 3 4 7 6 1 5 0
67 55 12 6 3 5 7 0 1 2 4
67 56 11 7 0 3 4 1 2 5 6
68 59 9 1 2 4 7 3 5 0 6
68 64 4 1 3 5 4 7 0 2 6
68 64 4 1 3 5 7 6 0 2 4
68 59 9 2 3 4 0 7 1 5 6
68 59 9 3 4 5 7 1 0 2 6
68 54 14 6 3 5 7 0 2 4 1
69 58 11 0 6 3 7 1 2 4 5
69 65 4 1 3 5 0 7 2 4 6
69 60 9 1 3 7 0 6 2 5 4
69 61 8 1 3 7 6 0 2 5 4
69 59 10 1 4 7 0 3 2 5 6
69 59 10 1 6 3 7 0 2 5 4
69 59 10 2 1 4 7 3 0 5 6
69 61 8 3 0 4 1 7 2 5 6
69 58 11 7 1 4 0 3 2 5 6
70 60 10 1 0 3 7 6 2 5 4
70 54 16 6 0 4 7 2 3 5 1
70 55 15 6 0 5 7 1 3 2 4
70 60 10 6 3 7 5 1 2 4 0
70 60 10 7 3 4 1 2 0 5 6
71 63 8 0 2 4 7 3 1 5 6
71 55 16 0 6 4 7 3 2 5 1
71 65 6 1 0 3 5 7 2 4 6
71 65 6 1 3 0 5 7 2 6 4
71 64 7 1 3 4 5 0 2 6 7
71 65 6 1 3 4 5 0 7 2 6
71 68 3 1 3 5 7 0 2 4 6
71 62 9 3 2 4 7 1 5 6 0
71 54 17 6 3 4 7 2 5 0 1
72 67 5 0 1 3 4 7 2 5 6
72 61 11 0 3 7 6 1 2 4 5
72 63 9 1 3 4 0 7 2 6 5
72 67 5 1 3 5 0 7 2 6 4
72 66 6 2 3 4 0 1 5 6 7
72 62 10 2 4 7 0 1 3 5 6
72 62 10 3 2 0 7 1 5 4 6
72 65 7 7 3 5 4 1 2 6 0
73 63 10 0 4 7 3 1 2 5 6
73 67 6 1 4 5 7 3 2 6 0
73 65 8 2 0 3 7 1 5 4 6
73 63 10 2 3 4 1 7 0 5 6
73 64 9 3 4 7 5 1 2 0 6
73 62 11 3 4 7 6 1 2 5 0
73 58 15 6 2 3 7 1 0 4 5
73 55 18 6 2 4 7 3 0 5 1
73 61 12 6 3 7 5 1 0 2 4
73 55 18 6 4 0 7 3 2 5 1
73 62 11 7 0 4 1 3 2 5 6
73 61 12 7 2 4 0 1 3 5 6
74 65 9 1 0 4 5 7 3 2 6
74 67 7 1 2 3 4 7 0 5 6
74 69 5 1 3 5 4 0 7 2 6
74 69 5 1 3 5 7 0 6 2 4
74 72 2 1 3 5 7 2 0 4 6
74 61 13 3 0 7 6 1 2 5 4
74 58 16 6 3 0 4 7 2 5 1
74 65 9 7 3 5 4 1 0 2 6
74 60 14 7 6 3 0 1 2 5 4
75 69 6 0 3 4 5 1 2 6 7
75 66 9 0 3 7 4 1 2 5 6
75 67 8 1 3 5 0 6 2 4 7
75 68 7 1 3 5 4 0 2 6 7
75 67 8 1 4 5 7 3 0 2 6
75 65 10 2 3 7 0 1 5 4 6
75 63 12 2 3 7 6 1 0 5 4
75 62 13 2 4 5 7 1 3 0 6
75 61 14 2 6 3 7 1 0 5 4
75 64 11 3 2 4 7 6 1 5 0
75 60 15 6 3 4 5 7 2 0 1
75 66 9 7 3 5 0 1 2 4 6
76 65 11 0 3 4 7 6 1 2 5
76 63 13 0 6 4 7 1 3 2 5
76 69 7 1 2 0 7 3 5 4 6
76 75 1 1 3 5 7 2 4 0 6
76 70 6 1 3 7 4 6 2 5 0
76 72 4 1 3 7 5 6 2 0 4
76 66 10 2 4 0 7 3 1 5 6
76 68 8 3 1 4 7 6 2 5 0
76 67 9 3 4 5 0 1 2 6 7
76 62 14 6 2 3 7 1 5 0 4
76 62 14 6 3 7 4 1 2 0 5
77 66 11 0 3 7 1 6 2 5 4
77 72 5 1 2 3 5 7 0 4 6
77 69 8 1 2 4 7 3 5 6 0
77 69 8 1 3 0 4 7 2 6 5
77 77 0 1 3 5 7 2 4 6 0
