5 0 5 2 5 0 7 3 4 1 6
10 6 4 2 0 5 7 3 4 1 6
11 6 5 2 5 1 7 3 4 0 6
12 6 6 2 5 7 0 3 4 1 6
16 11 5 2 4 5 7 3 0 1 6
16 12 4 2 5 1 7 3 4 6 0
18 12 6 2 5 1 7 3 0 4 6
19 13 6 2 5 7 6 3 4 1 0
20 14 6 0 5 7 2 3 4 1 6
22 17 5 2 4 5 7 3 1 0 6
22 17 5 2 5 1 0 3 4 6 7
22 18 4 2 5 1 7 0 4 6 3
24 18 6 2 5 7 3 0 4 1 6
25 19 6 2 0 1 7 3 5 4 6
25 19 6 2 5 1 7 0 3 4 6
26 23 3 0 5 1 7 2 4 6 3
26 22 4 0 5 1 7 3 4 6 2
26 20 6 2 5 7 6 3 4 0 1
27 23 4 2 4 5 7 3 1 6 0
27 21 6 2 5 7 6 0 4 1 3
27 21 6 3 5 7 2 0 4 1 6
27 21 6 5 0 7 2 3 4 1 6
28 23 5 2 5 0 1 3 4 6 7
28 23 5 2 5 1 7 4 0 6 3
29 24 5 0 5 1 2 3 4 6 7
29 23 6 2 4 0 7 3 1 5 6
30 25 5 0 5 7 3 2 4 1 6
30 23 7 4 5 7 2 3 0 1 6
30 27 3 5 0 1 7 2 4 6 3
31 26 5 0 5 1 7 2 3 4 6
31 25 6 0 5 7 6 3 4 1 2
31 27 4 3 5 1 7 0 4 6 2
31 27 4 5 0 1 7 3 4 6 2
32 26 6 0 2 1 7 3 5 4 6
32 26 6 2 1 0 7 3 5 4 6
32 25 7 2 5 7 3 4 0 1 6
32 26 6 2 5 7 3 6 4 1 0
32 26 6 6 5 7 2 3 4 1 0
32 28 4 7 5 1 0 2 4 6 3
33 28 5 0 5 7 6 2 4 1 3
33 29 4 2 0 5 1 3 4 6 7
33 27 6 2 5 0 6 3 4 7 1
33 28 5 2 5 1 0 7 4 6 3
33 28 5 2 5 1 3 0 4 6 7
33 27 6 2 5 1 7 6 3 4 0
33 29 4 4 5 1 7 2 0 6 3
33 28 5 7 5 1 0 3 4 6 2
34 29 5 2 0 1 7 4 5 6 3
34 27 7 2 5 7 6 3 0 4 1
34 29 5 4 5 1 7 3 0 6 2
34 31 3 5 1 0 7 2 4 6 3
34 28 6 5 7 0 2 3 4 1 6
35 29 6 2 5 1 7 4 6 0 3
35 29 6 2 5 6 1 3 4 0 7
35 28 7 2 5 7 6 4 0 1 3
35 30 5 3 5 1 2 0 4 6 7
35 32 3 3 5 1 7 2 4 6 0
35 28 7 3 5 7 2 4 0 1 6
35 29 6 3 5 7 2 6 4 1 0
35 30 5 5 0 1 2 3 4 6 7
35 31 4 5 4 1 7 2 0 6 3
35 28 7 5 4 7 2 3 0 1 6
36 30 6 2 0 4 7 3 1 5 6
36 31 5 5 0 7 3 2 4 1 6
36 32 4 5 1 0 7 3 4 6 2
37 33 4 0 4 5 7 3 1 6 2
37 30 7 2 4 7 0 3 1 5 6
37 32 5 3 5 1 7 4 0 6 2
37 32 5 5 0 1 7 2 3 4 6
37 32 5 5 4 1 7 3 0 6 2
37 33 4 7 5 0 1 2 4 6 3
37 33 4 7 5 1 3 2 4 6 0
38 34 4 0 2 5 1 3 4 6 7
38 34 4 0 5 1 3 2 4 6 7
38 31 7 2 5 1 0 7 3 4 6
38 33 5 3 5 7 0 2 4 1 6
38 32 6 3 5 7 6 0 4 1 2
38 34 4 4 0 1 7 2 5 6 3
38 31 7 4 0 7 2 3 5 1 6
38 32 6 4 5 1 2 3 0 6 7
38 31 7 4 5 7 2 0 3 1 6
38 31 7 4 5 7 2 3 1 0 6
38 32 6 5 0 7 6 3 4 1 2
39 34 5 2 0 5 6 3 4 7 1
39 33 6 2 1 4 7 3 5 0 6
39 34 5 2 4 5 1 3 0 6 7
39 34 5 2 5 0 1 7 4 6 3
39 34 5 2 5 1 3 7 4 6 0
39 33 6 2 5 7 0 6 4 1 3
39 33 6 2 5 7 3 6 4 0 1
39 33 6 3 2 1 7 0 5 4 6
39 34 5 3 5 1 7 2 0 4 6
39 34 5 4 5 1 7 0 2 6 3
39 34 5 4 5 1 7 2 6 0 3
39 33 6 4 5 7 3 2 0 1 6
39 34 5 5 0 7 6 2 4 1 3
39 35 4 5 1 6 7 2 4 0 3
39 35 4 5 1 7 0 2 4 6 3
39 33 6 6 5 7 0 3 4 1 2
39 33 6 6 5 7 2 3 4 0 1
39 34 5 7 5 0 1 3 4 6 2
39 33 6 7 5 1 0 2 3 4 6
40 35 5 0 2 1 7 4 5 6 3
40 35 5 0 5 1 2 7 4 6 3
40 33 7 2 0 7 3 4 5 1 6
40 35 5 2 1 0 7 4 5 6 3
40 33 7 2 1 7 0 3 5 4 6
40 34 6 2 5 1 3 4 0 6 7
40 34 6 2 5 1 7 6 3 0 4
40 34 6 2 5 6 0 3 4 7 1
40 33 7 2 5 7 3 4 1 0 6
40 36 4 3 5 1 7 2 4 0 6
40 35 5 4 0 1 7 3 5 6 2
40 35 5 4 5 1 7 0 3 6 2
40 35 5 6 5 7 0 2 4 1 3
40 34 6 6 5 7 2 0 4 1 3
40 34 6 7 2 1 0 3 5 4 6
40 35 5 7 5 1 2 3 4 6 0
41 34 7 2 5 1 0 6 3 4 7
41 35 6 4 5 1 7 3 6 0 2
41 34 7 4 5 7 6 3 0 1 2
41 36 5 5 1 0 2 3 4 6 7
41 35 6 5 2 1 7 3 0 4 6
41 36 5 5 4 1 7 0 2 6 3
41 36 5 5 4 1 7 2 6 0 3
41 35 6 5 7 1 2 3 4 0 6
41 35 6 5 7 2 0 3 4 1 6
41 36 5 6 5 7 3 2 4 1 0
41 38 3 7 0 5 1 2 4 6 3
42 35 7 2 0 7 6 3 5 4 1
42 36 6 2 5 0 7 4 6 1 3
42 36 6 2 5 1 7 4 6 3 0
42 36 6 2 5 6 1 3 4 7 0
42 35 7 2 5 7 6 0 3 4 1
42 38 4 3 4 5 7 0 1 6 2
42 37 5 3 5 1 0 7 4 6 2
42 36 6 3 5 1 2 4 0 6 7
42 37 5 3 5 1 2 7 4 6 0
42 36 6 3 5 7 0 6 4 1 2
42 36 6 3 5 7 2 6 4 0 1
42 38 4 4 0 5 7 3 1 6 2
42 36 6 4 5 7 6 2 0 1 3
42 37 5 5 1 6 7 3 4 0 2
42 37 5 5 1 7 0 3 4 6 2
42 38 4 5 3 1 7 2 0 4 6
42 36 6 5 4 1 2 3 0 6 7
42 37 5 5 7 0 3 2 4 1 6
42 37 5 6 5 1 7 2 3 4 0
43 37 6 0 2 4 7 3 1 5 6
43 39 4 0 4 1 7 2 5 6 3
43 40 3 1 2 5 0 3 4 6 7
43 40 3 1 4 5 7 3 0 6 2
43 36 7 2 0 7 6 4 5 1 3
43 37 6 2 1 4 7 3 0 5 6
43 36 7 2 5 6 1 3 0 4 7
43 36 7 2 5 7 6 4 1 0 3
43 38 5 3 0 1 7 4 5 6 2
43 36 7 3 0 7 2 4 5 1 6
43 39 4 3 2 5 1 0 4 6 7
43 36 7 3 5 7 2 4 1 0 6
43 39 4 4 1 0 7 2 5 6 3
43 39 4 5 0 1 3 2 4 6 7
43 38 5 5 1 0 7 2 3 4 6
43 38 5 5 4 1 7 0 3 6 2
43 36 7 5 4 7 2 0 3 1 6
43 36 7 5 4 7 2 3 1 0 6
43 37 6 5 4 7 3 2 0 1 6
43 38 5 7 5 1 2 0 4 6 3
43 38 5 7 5 1 3 2 4 0 6
43 38 5 7 5 6 1 2 4 0 3
44 38 6 0 5 7 3 6 4 1 2
44 40 4 2 0 5 1 7 4 6 3
44 38 6 3 5 1 7 4 6 0 2
44 39 5 3 5 7 6 2 4 1 0
44 40 4 5 1 6 7 2 4 3 0
44 40 4 5 1 7 3 2 4 6 0
44 38 6 5 4 1 7 3 6 0 2
44 38 6 6 2 1 7 3 5 4 0
44 40 4 7 0 5 1 3 4 6 2
44 39 5 7 4 5 0 3 1 6 2
44 39 5 7 5 1 3 0 4 6 2
45 41 4 0 1 7 5 2 4 6 3
45 40 5 0 2 5 6 3 4 7 1
45 40 5 0 5 1 7 4 2 6 3
45 39 6 0 5 1 7 6 3 4 2
45 42 3 0 7 5 1 2 4 6 3
45 40 5 2 1 4 7 3 5 6 0
45 40 5 2 4 5 1 0 3 6 7
45 38 7 2 4 7 6 3 1 5 0
45 40 5 3 0 1 7 2 5 4 6
45 40 5 3 2 1 7 5 0 4 6
45 41 4 3 5 1 0 2 4 6 7
45 39 6 4 0 1 2 3 5 6 7
45 39 6 4 5 0 2 3 1 7 6
45 40 5 4 5 0 7 2 6 1 3
45 39 6 4 5 1 2 0 3 6 7
45 39 6 4 5 1 2 3 6 0 7
45 40 5 4 5 1 7 2 6 3 0
45 39 6 4 5 7 2 3 1 6 0
45 40 5 5 1 6 7 2 0 4 3
45 40 5 5 7 0 6 2 4 1 3
45 39 6 5 7 0 6 3 4 1 2
45 41 4 6 5 0 7 2 4 1 3
45 40 5 6 5 0 7 3 4 1 2
46 41 5 0 4 1 7 3 5 6 2
46 39 7 0 4 7 2 3 1 5 6
46 39 7 0 4 7 2 3 5 1 6
46 41 5 0 5 1 7 4 3 6 2
46 39 7 0 5 7 2 4 3 1 6
46 44 2 1 0 5 7 3 4 6 2
46 44 2 1 2 5 7 3 4 6 0
46 40 6 2 4 5 1 3 6 0 7
46 40 6 2 4 5 6 3 0 7 1
46 39 7 2 5 0 1 7 3 4 6
46 40 6 2 5 0 3 6 4 7 1
46 40 6 2 5 1 3 7 4 0 6
46 39 7 2 5 1 6 7 3 4 0
46 40 6 2 5 6 1 7 4 0 3
46 40 6 3 5 1 7 0 2 4 6
46 39 7 3 5 7 6 4 0 1 2
46 40 6 4 0 7 3 2 5 1 6
46 41 5 4 1 0 7 3 5 6 2
46 41 5 4 2 1 7 0 5 6 3
46 41 5 4 2 5 1 3 0 6 7
46 41 5 4 5 1 3 2 0 6 7
46 40 6 4 5 7 3 2 1 0 6
46 39 7 4 7 0 2 3 5 1 6
46 41 5 5 0 1 2 7 4 6 3
46 43 3 5 3 1 7 2 4 0 6
46 40 6 5 4 7 6 2 0 1 3
46 39 7 5 4 7 6 3 0 1 2
46 40 6 6 5 0 2 3 4 7 1
46 42 4 7 4 5 1 2 0 6 3
46 40 6 7 5 0 1 2 3 4 6
46 40 6 7 5 1 6 2 3 4 0
46 40 6 7 5 6 1 3 4 0 2
47 41 6 0 2 7 3 4 5 1 6
47 42 5 0 4 1 7 5 2 6 3
47 40 7 0 5 1 2 7 3 4 6
47 41 6 0 5 7 2 6 4 1 3
47 44 3 1 4 5 7 0 3 6 2
47 41 6 2 0 1 3 4 5 6 7
47 41 6 2 1 6 7 4 5 0 3
47 41 6 2 1 7 0 4 5 6 3
47 41 6 2 5 0 3 4 1 7 6
47 41 6 2 5 0 7 6 3 1 4
47 41 6 2 5 1 3 4 6 0 7
47 41 6 2 5 1 7 6 0 3 4
47 41 6 2 5 7 3 4 1 6 0
47 40 7 2 5 7 3 6 0 4 1
47 41 6 3 2 1 7 6 5 4 0
47 43 4 3 4 5 7 1 0 6 2
47 43 4 4 1 5 7 3 0 6 2
47 40 7 4 5 7 2 6 3 1 0
47 42 5 5 1 2 0 3 4 6 7
47 42 5 5 2 1 7 3 4 0 6
47 42 5 5 4 0 7 2 6 1 3
47 42 5 5 4 1 7 2 6 3 0
47 42 5 5 7 1 2 3 4 6 0
47 40 7 6 5 7 2 3 0 4 1
47 42 5 6 5 7 3 2 4 0 1
47 41 6 7 2 0 1 3 5 4 6
47 41 6 7 2 1 6 3 5 4 0
47 41 6 7 5 1 2 3 4 0 6
48 44 4 0 3 1 7 4 5 6 2
48 42 6 0 5 6 2 3 4 7 1
48 44 4 1 2 0 5 3 4 6 7
48 44 4 1 4 5 7 3 6 0 2
48 43 5 2 0 5 7 4 6 1 3
48 41 7 2 1 7 6 3 5 4 0
48 41 7 2 7 0 3 4 5 1 6
48 43 5 3 5 0 1 7 4 6 2
48 43 5 3 5 0 7 6 4 1 2
48 43 5 4 5 0 7 3 1 6 2
48 42 6 4 5 0 7 3 6 1 2
48 42 6 4 5 1 7 3 6 2 0
48 42 6 5 0 1 7 3 2 4 6
48 44 4 5 1 0 3 2 4 6 7
48 42 6 5 1 6 2 3 4 0 7
48 43 5 5 1 6 7 3 4 2 0
48 43 5 5 1 7 2 3 4 6 0
48 42 6 5 2 1 7 0 3 4 6
48 43 5 5 2 1 7 4 0 6 3
48 43 5 5 3 1 7 0 2 4 6
48 43 5 5 4 1 7 3 2 6 0
48 43 5 5 7 1 3 2 4 0 6
48 42 6 5 7 2 6 3 4 1 0
48 43 5 5 7 3 0 2 4 1 6
48 43 5 6 5 1 7 2 3 0 4
48 41 7 6 5 7 2 4 0 1 3
48 42 6 7 2 1 0 4 5 6 3
48 44 4 7 2 5 1 3 4 6 0
49 42 7 0 1 7 2 3 5 4 6
49 44 5 0 1 7 5 3 4 6 2
49 45 4 0 2 5 1 7 4 6 3
49 43 6 0 2 7 6 3 5 4 1
49 44 5 0 4 1 7 5 3 6 2
49 43 6 0 5 7 6 2 3 4 1
49 45 4 0 7 5 1 3 4 6 2
49 46 3 1 0 7 5 2 4 6 3
49 47 2 1 7 5 0 2 4 6 3
49 44 5 2 4 1 7 0 5 6 3
49 42 7 2 5 0 1 6 3 4 7
49 43 6 2 5 1 0 4 6 3 7
49 43 6 2 5 7 0 4 6 1 3
49 43 6 3 0 1 2 4 5 6 7
49 44 5 3 1 0 7 4 5 6 2
49 44 5 3 2 5 1 4 0 6 7
49 45 4 3 2 5 1 7 4 6 0
49 43 6 3 5 0 2 6 4 7 1
49 43 6 3 5 1 2 4 6 0 7
49 43 6 3 5 1 2 7 4 0 6
49 43 6 4 0 7 6 2 5 1 3
49 42 7 4 0 7 6 3 5 1 2
49 44 5 4 1 6 7 2 5 0 3
49 44 5 4 1 7 0 2 5 6 3
49 43 6 4 5 1 2 7 0 6 3
49 42 7 4 5 7 6 0 3 1 2
49 43 6 4 5 7 6 2 1 0 3
49 42 7 4 5 7 6 3 1 0 2
49 44 5 5 1 4 7 2 3 0 6
49 43 6 5 1 6 7 3 0 4 2
49 47 2 5 3 1 7 2 4 6 0
49 43 6 5 4 1 2 0 3 6 7
49 43 6 5 4 1 2 3 6 0 7
49 44 5 5 4 1 3 2 0 6 7
49 45 4 5 4 1 7 2 3 6 0
49 42 7 5 7 1 2 3 0 4 6
49 46 3 6 0 5 7 2 4 1 3
49 43 6 6 5 1 0 2 3 4 7
49 44 5 7 5 0 3 2 4 1 6
49 44 5 7 5 6 1 2 4 3 0
50 47 3 0 1 5 7 3 4 6 2
50 44 6 0 2 7 6 4 5 1 3
50 46 4 0 3 1 7 2 5 4 6
50 44 6 0 3 7 2 4 5 1 6
50 46 4 0 4 5 1 2 3 6 7
50 44 6 0 4 7 2 5 3 1 6
50 43 7 0 5 1 2 6 3 4 7
50 45 5 0 5 1 3 7 4 6 2
50 47 3 1 2 5 7 3 4 0 6
50 47 3 1 5 0 7 3 4 6 2
50 44 6 2 1 4 7 0 3 5 6
50 45 5 2 4 5 1 7 0 6 3
50 43 7 2 4 7 3 0 1 5 6
50 44 6 2 5 0 6 4 1 7 3
50 44 6 2 5 1 7 0 6 3 4
50 44 6 2 5 6 1 0 4 7 3
50 43 7 2 7 0 6 3 5 4 1
50 46 4 2 7 5 1 0 4 6 3
50 44 6 3 2 4 7 0 1 5 6
50 46 4 3 5 0 1 2 4 6 7
50 44 6 3 5 0 2 4 1 7 6
50 44 6 3 5 7 2 4 1 6 0
50 43 7 3 5 7 2 6 0 4 1
50 45 5 3 5 7 6 2 4 0 1
50 46 4 4 0 5 7 2 6 1 3
50 43 7 4 5 7 6 0 2 1 3
50 45 5 5 1 6 0 2 4 3 7
50 44 6 5 1 7 0 2 3 4 6
50 45 5 5 1 7 2 0 4 6 3
50 45 5 5 1 7 3 2 4 0 6
50 47 3 5 3 0 7 2 4 1 6
50 44 6 5 4 0 2 3 1 7 6
50 44 6 5 4 7 2 3 1 6 0
50 44 6 5 4 7 3 2 1 0 6
50 46 4 6 0 5 7 3 4 1 2
50 44 6 6 5 1 7 0 3 4 2
50 46 4 6 5 1 7 2 4 0 3
50 45 5 7 4 1 0 2 5 6 3
50 45 5 7 4 5 1 3 0 6 2
50 44 6 7 5 1 2 4 0 6 3
50 44 6 7 5 1 3 2 0 4 6
50 44 6 7 5 6 1 2 0 4 3
51 46 5 1 2 4 7 3 0 5 6
51 49 2 1 4 5 7 2 3 6 0
51 44 7 2 0 6 1 3 5 4 7
51 46 5 2 1 7 5 0 4 6 3
51 44 7 2 5 6 1 0 3 4 7
51 44 7 2 5 7 6 1 3 4 0
51 44 7 2 5 7 6 4 1 3 0
51 44 7 2 7 0 6 4 5 1 3
51 48 3 3 0 5 7 1 4 6 2
51 46 5 3 1 0 7 2 5 4 6
51 45 6 3 2 1 0 7 5 4 6
51 46 5 3 2 1 7 4 5 6 0
51 46 5 3 2 1 7 5 4 0 6
51 46 5 3 2 5 6 0 4 7 1
51 45 6 3 5 0 7 4 6 1 2
51 45 6 3 5 1 7 4 6 2 0
51 44 7 3 7 0 2 4 5 1 6
51 45 6 4 5 1 0 7 2 6 3
51 46 5 4 5 1 2 3 6 7 0
51 46 5 5 0 1 7 4 2 6 3
51 46 5 5 0 6 7 2 1 4 3
51 45 6 5 0 7 3 6 4 1 2
51 46 5 5 1 6 7 0 4 3 2
51 45 6 5 4 0 7 3 6 1 2
51 45 6 5 4 1 7 3 6 2 0
51 44 7 5 4 7 3 0 2 1 6
51 46 5 5 7 1 6 2 4 0 3
51 46 5 5 7 6 0 2 4 1 3
51 45 6 6 2 1 0 3 5 4 7
51 45 6 6 2 1 7 3 5 0 4
51 46 5 6 5 1 7 3 4 0 2
51 45 6 6 5 7 3 0 4 1 2
51 45 6 7 2 4 0 3 1 5 6
51 45 6 7 4 0 5 3 1 6 2
51 45 6 7 5 1 3 4 0 6 2
52 46 6 0 4 1 2 3 5 6 7
52 48 4 0 4 5 7 1 3 6 2
52 46 6 0 5 1 2 4 3 6 7
52 49 3 1 2 5 3 0 4 6 7
52 50 2 1 7 5 3 2 4 6 0
52 47 5 2 0 5 3 6 4 7 1
52 46 6 2 1 4 0 3 5 6 7
52 47 5 2 1 4 7 0 5 6 3
52 47 5 2 4 5 1 3 6 7 0
52 47 5 2 4 5 1 7 3 6 0
52 47 5 2 5 3 0 6 4 7 1
52 46 6 2 5 6 3 0 4 7 1
52 46 6 3 0 1 7 5 2 4 6
52 47 5 3 4 1 7 0 5 6 2
52 47 5 4 0 1 3 2 5 6 7
52 47 5 4 0 5 1 3 2 6 7
52 46 6 4 0 5 2 3 1 7 6
52 46 6 4 1 0 2 3 5 6 7
52 48 4 4 1 5 7 0 3 6 2
52 47 5 4 2 1 7 5 0 6 3
52 47 5 4 2 5 1 0 3 6 7
52 47 5 4 2 5 1 3 6 0 7
52 46 6 4 5 0 2 3 6 1 7
52 46 6 4 5 1 0 2 6 3 7
52 46 6 4 5 1 0 7 3 6 2
52 46 6 4 5 2 0 3 1 7 6
52 46 6 4 5 7 0 2 6 1 3
52 46 6 4 5 7 0 3 1 6 2
52 48 4 4 7 5 1 2 0 6 3
52 47 5 5 0 1 7 4 3 6 2
52 46 6 5 0 1 7 6 3 4 2
52 47 5 5 1 0 2 7 4 6 3
52 48 4 5 1 2 7 3 4 6 0
52 46 6 5 1 6 7 0 2 4 3
52 48 4 5 2 1 7 3 4 6 0
52 45 7 5 4 7 2 6 3 1 0
52 46 6 5 7 1 6 3 4 0 2
52 46 6 5 7 6 0 3 4 1 2
52 47 5 6 0 5 2 3 4 7 1
52 46 6 6 2 1 7 0 5 4 3
52 47 5 6 2 5 0 3 4 7 1
52 47 5 7 0 5 1 2 3 4 6
52 46 6 7 2 1 3 0 5 4 6
52 47 5 7 4 5 1 0 2 6 3
52 47 5 7 4 5 1 2 6 0 3
52 45 7 7 5 1 2 0 3 4 6
53 47 6 0 4 7 3 2 5 1 6
53 47 6 0 5 1 7 3 2 4 6
53 50 3 0 6 5 7 2 4 1 3
53 49 4 1 0 2 5 3 4 6 7
53 49 4 1 4 5 7 3 6 2 0
53 50 3 1 7 0 5 2 4 6 3
53 47 6 2 0 5 1 7 3 4 6
53 46 7 2 1 7 3 0 5 4 6
53 47 6 2 4 0 1 3 6 5 7
53 47 6 2 4 5 6 0 3 7 1
53 47 6 2 4 5 6 3 7 0 1
53 46 7 2 4 7 6 3 1 0 5
53 48 5 2 5 1 3 4 6 7 0
53 48 5 2 5 3 0 4 1 7 6
53 47 6 2 5 6 1 7 4 3 0
53 49 4 3 0 5 1 7 4 6 2
53 49 4 3 2 5 0 1 4 6 7
53 49 4 3 4 1 7 2 5 6 0
53 48 5 3 4 5 0 7 1 6 2
53 48 5 3 4 5 7 1 6 0 2
53 48 5 4 0 1 7 5 2 6 3
53 48 5 4 1 5 7 3 6 0 2
53 47 6 4 1 6 7 3 5 0 2
53 47 6 4 1 7 0 3 5 6 2
53 48 5 4 1 7 5 2 0 6 3
53 48 5 4 2 1 7 3 5 6 0
53 48 5 4 2 5 6 3 0 7 1
53 49 4 4 3 1 7 0 5 6 2
53 47 6 4 5 0 3 2 1 7 6
53 47 6 4 5 1 2 7 3 6 0
53 47 6 4 5 1 3 2 6 0 7
53 47 6 4 5 1 7 0 6 3 2
53 47 6 4 7 0 3 2 5 1 6
53 48 5 5 0 4 7 2 6 1 3
53 49 4 5 1 3 0 2 4 6 7
53 48 5 5 1 7 3 0 4 6 2
53 48 5 5 2 0 7 3 4 1 6
53 49 4 5 2 1 7 0 4 6 3
53 50 3 5 3 1 0 2 4 6 7
53 47 6 5 4 1 0 7 2 6 3
53 47 6 5 4 1 2 7 0 6 3
53 47 6 5 4 7 6 2 1 0 3
53 48 5 5 7 1 0 3 4 6 2
53 49 4 5 7 1 3 2 4 6 0
53 47 6 5 7 2 3 0 4 1 6
53 48 5 6 5 0 3 2 4 7 1
53 47 6 6 5 2 0 3 4 7 1
53 49 4 7 2 5 0 3 4 6 1
53 47 6 7 5 1 0 4 2 6 3
53 47 6 7 5 1 6 2 3 0 4
53 47 6 7 5 4 1 2 3 0 6
53 47 6 7 5 6 1 3 4 2 0
54 49 5 0 1 2 5 3 4 6 7
54 50 4 0 1 6 7 2 4 3 5
54 50 4 0 1 7 3 2 4 6 5
54 48 6 0 2 1 3 4 5 6 7
54 49 5 0 2 1 7 5 3 4 6
54 49 5 0 3 1 7 5 2 4 6
54 52 2 0 3 5 7 1 4 6 2
54 48 6 0 5 1 7 4 6 3 2
54 48 6 0 5 6 1 3 4 7 2
54 50 4 1 0 7 5 3 4 6 2
54 49 5 1 2 6 5 3 4 0 7
54 49 5 1 4 0 7 3 6 5 2
54 50 4 1 4 7 5 2 0 6 3
54 51 3 1 7 5 0 3 4 6 2
54 48 6 2 0 1 7 6 5 3 4
54 48 6 2 0 5 3 4 1 7 6
54 48 6 2 1 0 3 4 5 6 7
54 48 6 2 1 6 7 4 0 5 3
54 48 6 2 1 6 7 4 5 3 0
54 48 6 2 1 7 3 4 5 6 0
54 47 7 2 4 7 6 0 1 5 3
54 48 6 2 5 0 3 4 6 1 7
54 47 7 2 5 1 3 7 0 4 6
54 47 7 2 5 1 6 0 3 4 7
54 47 7 2 5 1 6 7 3 0 4
54 47 7 2 5 4 1 7 3 0 6
54 47 7 2 5 6 1 7 0 4 3
54 48 6 2 5 7 0 4 1 6 3
54 48 6 2 5 7 3 0 6 4 1
54 51 3 3 0 5 1 2 4 6 7
54 47 7 3 0 7 6 4 5 1 2
54 51 3 3 1 5 7 0 4 6 2
54 48 6 3 2 1 0 6 5 4 7
54 48 6 3 2 1 7 6 5 0 4
54 50 4 3 2 5 0 7 4 6 1
54 47 7 3 4 7 2 0 5 1 6
54 48 6 3 5 1 7 6 0 4 2
54 48 6 3 5 1 7 6 2 4 0
54 49 5 3 5 1 7 6 4 0 2
54 47 7 3 5 7 6 4 1 0 2
54 50 4 3 7 5 1 0 4 6 2
54 51 3 3 7 5 1 2 4 6 0
54 49 5 4 0 5 7 3 6 1 2
54 47 7 4 0 7 2 3 1 5 6
54 48 6 4 2 7 3 0 5 1 6
54 47 7 4 5 7 3 6 0 1 2
54 47 7 4 7 1 2 3 5 0 6
54 47 7 4 7 2 0 3 5 1 6
54 47 7 5 0 7 2 4 3 1 6
54 48 6 5 0 7 2 6 4 1 3
54 50 4 5 1 4 7 2 3 6 0
54 49 5 5 1 6 3 2 4 0 7
54 49 5 5 2 1 7 4 6 0 3
54 51 3 5 3 1 7 0 4 6 2
54 48 6 5 4 1 0 2 6 3 7
54 48 6 5 4 7 0 2 6 1 3
54 47 7 5 4 7 6 0 2 1 3
54 47 7 5 4 7 6 0 3 1 2
54 47 7 5 4 7 6 3 1 0 2
54 49 5 5 7 1 2 0 4 6 3
54 49 5 5 7 3 6 2 4 1 0
54 49 5 6 5 0 7 2 3 1 4
54 49 5 6 5 1 7 2 0 3 4
54 48 6 6 5 7 3 2 0 4 1
54 50 4 7 0 5 3 2 4 1 6
54 48 6 7 2 1 6 3 5 0 4
54 48 6 7 2 4 1 3 5 0 6
54 49 5 7 2 5 1 3 4 0 6
54 48 6 7 4 1 0 3 5 6 2
54 48 6 7 5 0 2 3 4 1 6
54 48 6 7 5 1 0 4 3 6 2
54 47 7 7 5 1 0 6 3 4 2
54 47 7 7 5 6 1 3 0 4 2
55 49 6 0 1 7 2 4 5 6 3
55 52 3 0 2 5 7 3 4 6 1
55 50 5 0 3 1 2 4 5 6 7
55 51 4 0 6 5 7 3 4 1 2
55 50 5 0 7 3 5 2 4 1 6
55 51 4 1 2 0 7 3 4 5 6
55 51 4 1 2 5 6 3 4 7 0
55 51 4 1 2 5 7 3 0 4 6
55 52 3 1 4 5 7 2 3 0 6
55 49 6 1 4 7 2 3 0 5 6
55 51 4 1 5 6 7 3 4 0 2
55 51 4 1 5 7 0 3 4 6 2
55 48 7 2 0 7 3 6 5 4 1
55 50 5 2 4 1 7 5 0 6 3
55 48 7 2 4 7 0 3 5 1 6
55 48 7 2 5 7 0 6 3 1 4
55 48 7 2 5 7 0 6 3 4 1
55 49 6 2 5 7 3 0 1 6 4
55 49 6 2 7 3 0 4 5 1 6
55 50 5 3 0 5 1 4 2 6 7
55 50 5 3 0 5 2 6 4 7 1
55 50 5 3 1 7 5 0 4 6 2
55 51 4 3 1 7 5 2 4 6 0
55 50 5 3 2 5 1 4 6 0 7
55 50 5 3 2 5 1 7 4 0 6
55 49 6 3 2 7 0 4 5 1 6
55 50 5 3 5 1 2 4 6 7 0
55 49 6 3 5 6 1 7 4 0 2
55 49 6 3 5 6 2 0 4 7 1
55 50 5 4 0 1 7 5 3 6 2
55 51 4 4 0 5 1 2 3 6 7
55 50 5 4 1 6 7 2 0 5 3
55 50 5 4 1 6 7 2 5 3 0
55 50 5 4 1 7 3 2 5 6 0
55 49 6 4 5 1 0 3 6 2 7
55 49 6 4 5 6 7 3 1 0 2
55 49 6 4 5 7 0 3 6 1 2
55 48 7 4 5 7 2 6 3 0 1
55 48 7 5 0 1 2 7 3 4 6
55 51 4 5 0 3 7 2 4 1 6
55 49 6 5 0 6 2 3 4 7 1
55 49 6 5 1 0 7 3 2 4 6
55 50 5 5 1 4 7 2 0 3 6
55 49 6 5 1 6 0 3 4 2 7
55 49 6 5 1 6 2 3 4 7 0
55 50 5 5 1 6 7 0 4 2 3
55 49 6 5 1 7 2 3 4 0 6
55 51 4 5 3 1 7 4 0 6 2
55 50 5 5 3 1 7 6 2 4 0
55 51 4 5 3 7 0 2 4 1 6
55 49 6 5 4 1 0 3 2 6 7
55 49 6 5 4 1 0 7 3 6 2
55 50 5 5 4 1 2 3 6 7 0
55 49 6 5 4 1 7 0 6 3 2
55 50 5 5 4 1 7 2 3 0 6
55 49 6 5 4 1 7 3 2 0 6
55 49 6 5 4 7 0 2 3 1 6
55 49 6 5 7 1 3 2 0 4 6
55 49 6 5 7 2 6 3 4 0 1
55 48 7 6 0 7 2 3 5 4 1
55 49 6 6 2 4 7 3 1 5 0
55 51 4 6 5 1 7 2 4 3 0
55 48 7 6 5 7 2 0 3 4 1
55 48 7 7 0 2 1 3 5 4 6
55 49 6 7 2 0 1 4 5 6 3
55 49 6 7 2 1 3 4 5 6 0
55 49 6 7 2 1 6 0 5 4 3
55 50 5 7 3 1 0 4 5 6 2
55 49 6 7 4 1 0 5 2 6 3
55 48 7 7 5 1 2 3 0 4 6
55 48 7 7 5 1 6 0 3 4 2
55 50 5 7 5 3 0 2 4 1 6
55 50 5 7 5 6 0 2 4 3 1
56 51 5 0 1 4 7 2 3 5 6
56 51 5 0 1 4 7 3 5 6 2
56 51 5 0 1 7 2 5 4 6 3
56 51 5 0 1 7 4 2 5 6 3
56 50 6 0 4 1 2 5 3 6 7
56 50 6 0 4 7 6 2 5 1 3
56 51 5 0 5 1 7 2 6 3 4
56 51 5 0 5 6 1 2 4 7 3
56 50 6 1 0 7 2 3 5 4 6
56 55 1 1 3 5 7 0 4 6 2
56 53 3 1 7 5 3 2 4 0 6
56 50 6 2 0 5 1 6 3 4 7
56 49 7 2 1 7 6 3 5 0 4
56 51 5 2 3 1 7 0 5 4 6
56 51 5 2 4 5 0 1 3 6 7
56 51 5 2 4 5 1 0 7 6 3
56 50 6 2 5 0 1 4 6 3 7
56 50 6 2 5 7 3 4 6 1 0
56 49 7 2 7 1 3 4 5 0 6
56 51 5 2 7 5 1 4 0 6 3
56 50 6 3 1 0 2 4 5 6 7
56 50 6 3 1 6 7 4 5 0 2
56 50 6 3 1 7 0 4 5 6 2
56 52 4 3 2 1 7 5 4 6 0
56 50 6 3 2 7 6 0 5 4 1
56 50 6 3 5 0 2 4 6 1 7
56 50 6 3 5 0 2 7 4 1 6
56 51 5 3 5 0 6 2 4 7 1
56 52 4 3 5 0 7 1 4 6 2
56 50 6 3 5 2 0 6 4 7 1
56 51 5 3 5 6 1 2 4 0 7
56 50 6 4 0 1 2 7 5 6 3
56 50 6 4 5 0 6 2 1 7 3
56 50 6 4 5 0 6 3 1 7 2
56 50 6 4 5 1 2 0 7 6 3
56 50 6 4 5 1 2 7 6 0 3
56 50 6 4 5 1 7 0 6 2 3
56 50 6 4 5 7 6 2 1 3 0
56 50 6 4 7 0 6 2 5 1 3
56 51 5 5 0 1 3 7 4 6 2
56 50 6 5 0 6 7 3 1 4 2
56 50 6 5 0 7 6 2 3 4 1
56 51 5 5 1 0 3 2 4 7 6
56 51 5 5 1 0 6 2 4 3 7
56 49 7 5 1 6 2 3 0 4 7
56 50 6 5 1 6 7 0 3 4 2
56 50 6 5 2 1 7 6 3 4 0
56 50 6 5 2 7 3 4 0 1 6
56 50 6 5 4 0 2 3 6 1 7
56 50 6 5 4 1 3 0 2 6 7
56 50 6 5 4 1 3 2 6 0 7
56 51 5 5 4 7 3 2 1 6 0
56 50 6 5 7 2 6 0 4 1 3
56 49 7 6 0 7 2 4 5 1 3
56 50 6 6 5 0 1 2 3 4 7
56 51 5 6 5 1 7 2 0 4 3
56 49 7 6 5 7 2 4 1 0 3
56 52 4 7 1 5 0 3 4 6 2
56 51 5 7 4 0 1 2 5 6 3
56 51 5 7 4 1 3 2 5 6 0
56 51 5 7 4 5 1 0 3 6 2
57 53 4 0 1 4 7 2 5 6 3
57 53 4 0 1 5 7 4 3 6 2
57 52 5 0 1 6 5 2 4 3 7
57 52 5 0 1 6 7 5 4 3 2
57 55 2 0 3 1 7 2 4 6 5
57 55 2 0 3 5 1 2 4 6 7
57 54 3 0 3 5 1 7 4 6 2
57 50 7 0 4 7 6 3 5 1 2
57 51 6 0 5 1 2 4 6 3 7
57 52 5 0 5 6 7 2 1 4 3
57 51 6 0 5 7 2 3 1 6 4
57 51 6 0 5 7 2 4 6 1 3
57 50 7 0 5 7 6 4 3 1 2
57 52 5 1 0 4 7 3 2 5 6
57 52 5 1 2 4 7 0 3 5 6
57 52 5 1 2 4 7 3 5 0 6
57 53 4 1 4 5 0 7 3 6 2
57 54 3 1 7 5 3 0 4 6 2
57 51 6 2 0 5 6 4 1 7 3
57 50 7 2 1 7 6 0 5 4 3
57 52 5 2 4 1 7 3 5 6 0
57 51 6 2 4 5 1 7 6 0 3
57 50 7 2 5 4 1 6 3 0 7
57 51 6 2 5 6 0 4 1 7 3
57 51 6 2 5 6 1 4 0 7 3
57 51 6 3 0 5 2 4 1 7 6
57 52 5 3 0 5 7 4 6 1 2
57 50 7 3 1 7 2 0 5 4 6
57 52 5 3 2 0 7 5 4 1 6
57 51 6 3 2 4 7 1 0 5 6
57 52 5 3 2 5 6 4 0 7 1
57 52 5 3 4 1 7 5 0 6 2
57 53 4 3 4 5 1 2 0 6 7
57 50 7 3 5 1 2 7 0 4 6
57 51 6 3 5 2 0 4 1 7 6
57 51 6 3 5 7 0 4 1 6 2
57 51 6 3 5 7 2 0 6 4 1
57 53 4 4 0 5 1 2 7 6 3
57 51 6 4 0 7 2 5 3 1 6
57 54 3 4 1 5 7 2 3 6 0
57 53 4 4 2 1 7 5 6 0 3
57 53 4 4 2 5 1 3 6 7 0
57 52 5 4 2 5 1 7 0 6 3
57 51 6 4 2 7 6 0 5 1 3
57 51 6 4 3 7 2 0 5 1 6
57 52 5 4 5 1 0 3 6 7 2
57 51 6 4 5 6 2 3 0 7 1
57 50 7 4 5 7 2 6 0 1 3
57 50 7 4 5 7 6 3 1 2 0
57 50 7 4 7 0 6 3 5 1 2
57 52 5 4 7 5 1 3 0 6 2
57 50 7 5 0 1 2 3 7 4 6
57 51 6 5 0 4 2 3 1 7 6
57 52 5 5 1 0 7 4 2 6 3
57 54 3 5 1 3 7 2 4 6 0
57 51 6 5 1 7 2 4 0 6 3
57 51 6 5 1 7 3 2 0 4 6
57 51 6 5 1 7 6 2 3 4 0
57 54 3 5 3 0 1 2 4 6 7
57 51 6 5 4 0 3 2 1 7 6
57 51 6 5 4 1 2 7 3 6 0
57 51 6 5 4 2 0 3 1 7 6
57 51 6 5 4 7 0 3 1 6 2
57 52 5 5 6 0 7 2 1 4 3
57 50 7 5 7 1 2 0 3 4 6
57 52 5 5 7 1 6 2 4 3 0
57 52 5 5 7 6 3 2 4 1 0
57 51 6 6 2 7 0 3 5 4 1
57 51 6 6 5 1 7 3 0 4 2
57 52 5 6 5 1 7 3 4 2 0
57 51 6 6 5 7 0 2 3 4 1
57 51 6 7 0 1 2 4 5 6 3
57 51 6 7 0 1 3 2 5 4 6
57 51 6 7 0 6 1 2 5 4 3
57 52 5 7 2 0 4 3 1 5 6
57 52 5 7 3 1 0 2 5 4 6
57 53 4 7 3 5 1 2 0 4 6
57 51 6 7 4 1 0 5 3 6 2
57 51 6 7 4 5 1 3 6 0 2
57 51 6 7 5 1 2 4 6 0 3
57 51 6 7 5 6 1 0 4 3 2
58 52 6 0 1 7 5 2 3 4 6
58 54 4 0 2 1 7 5 4 6 3
58 53 5 0 2 5 1 4 3 6 7
58 53 5 0 2 5 3 6 4 7 1
58 52 6 0 2 6 1 3 5 4 7
58 55 3 0 3 1 5 2 4 6 7
58 55 3 0 3 1 7 5 4 6 2
58 53 5 0 4 1 3 2 5 6 7
58 53 5 0 4 1 7 2 6 3 5
58 52 6 0 4 7 3 5 2 1 6
58 51 7 0 4 7 6 3 1 5 2
58 52 6 0 5 1 6 2 3 4 7
58 52 6 0 5 6 1 2 3 4 7
58 53 5 0 5 6 3 2 4 7 1
58 53 5 0 6 5 2 3 4 7 1
58 53 5 0 7 1 2 3 4 6 5
58 53 5 0 7 5 1 2 3 4 6
58 53 5 0 7 6 5 2 4 1 3
58 55 3 1 0 6 7 2 4 3 5
58 55 3 1 0 7 3 2 4 6 5
58 58 0 1 3 5 7 2 4 6 0
