3 0 3 1 0 3 6 5 2 7 4
8 4 4 1 3 0 6 5 2 7 4
13 9 4 1 3 6 0 5 2 7 4
14 9 5 1 3 7 6 5 2 0 4
17 14 3 1 3 6 4 5 2 7 0
20 15 5 0 3 6 1 5 2 7 4
20 16 4 1 3 6 7 5 2 0 4
20 15 5 1 3 7 6 5 0 2 4
20 15 5 1 3 7 6 5 2 4 0
22 18 4 1 3 6 4 5 2 0 7
23 20 3 1 3 0 4 5 2 7 6
23 19 4 1 3 6 4 0 2 7 5
24 21 3 1 3 0 7 5 2 6 4
24 19 5 1 3 6 5 0 2 7 4
25 21 4 1 3 6 7 5 0 2 4
25 21 4 1 3 6 7 5 2 4 0
26 21 5 1 0 7 6 5 3 2 4
26 21 5 1 3 7 0 5 2 4 6
26 21 5 1 3 7 6 0 5 2 4
26 21 5 3 0 6 1 5 2 7 4
27 23 4 0 3 6 4 5 2 7 1
27 23 4 1 3 0 4 5 2 6 7
27 23 4 1 3 6 4 5 0 2 7
27 22 5 1 3 7 6 0 2 4 5
27 21 6 5 3 6 1 0 2 7 4
28 23 5 1 3 0 6 5 2 4 7
28 24 4 1 3 4 0 5 2 7 6
28 24 4 1 3 6 4 2 0 7 5
28 24 4 1 3 7 4 5 2 0 6
28 23 5 2 3 6 1 5 0 7 4
29 24 5 0 3 6 4 1 2 7 5
29 25 4 1 0 3 7 5 2 6 4
29 25 4 1 3 6 5 2 0 7 4
29 25 4 1 3 7 0 5 2 6 4
30 26 4 1 0 6 4 3 2 7 5
30 26 4 1 3 6 7 0 5 2 4
31 25 6 0 3 6 5 1 2 7 4
31 28 3 1 0 3 4 5 2 6 7
31 26 5 1 0 6 7 5 3 2 4
31 26 5 1 3 6 0 5 2 4 7
31 26 5 1 3 6 5 4 2 7 0
31 27 4 1 3 6 7 0 2 4 5
31 27 4 3 2 6 1 5 0 7 4
31 26 5 4 3 6 1 5 2 7 0
32 26 6 0 3 7 6 5 2 4 1
32 28 4 1 0 6 4 5 3 2 7
32 27 5 1 0 6 5 3 2 7 4
32 28 4 1 3 0 7 5 2 4 6
32 28 4 1 3 4 0 5 2 6 7
32 28 4 1 3 7 6 2 0 4 5
32 27 5 1 7 0 6 5 3 2 4
32 28 4 3 0 6 4 5 2 7 1
32 27 5 3 6 0 1 5 2 7 4
33 27 6 0 1 7 6 5 3 2 4
33 27 6 0 3 7 6 1 5 2 4
33 29 4 1 0 3 6 5 2 4 7
33 29 4 1 0 6 4 2 3 7 5
33 30 3 1 2 3 7 5 0 6 4
33 29 4 1 3 4 6 5 2 7 0
33 28 5 1 3 6 4 0 5 2 7
33 29 4 1 3 6 4 2 7 0 5
33 29 4 1 3 7 4 5 0 2 6
33 29 4 1 3 7 4 5 2 6 0
33 28 5 1 3 7 6 4 5 2 0
33 28 5 5 3 6 1 2 0 7 4
33 28 5 5 3 6 4 0 2 7 1
34 28 6 0 3 7 1 5 2 4 6
34 28 6 0 3 7 6 1 2 4 5
34 32 2 1 2 3 4 5 0 6 7
34 31 3 1 2 6 4 3 0 7 5
34 29 5 1 3 4 6 5 2 0 7
34 29 5 1 3 6 0 4 2 7 5
34 30 4 1 3 6 5 2 7 0 4
34 29 5 2 0 6 1 5 3 7 4
34 30 4 2 3 6 4 5 0 7 1
34 29 5 4 3 6 0 5 2 7 1
35 30 5 0 1 3 7 5 2 6 4
35 30 5 0 3 4 1 5 2 7 6
35 30 5 1 0 6 5 2 3 7 4
35 29 6 1 0 7 6 3 5 2 4
35 31 4 1 3 4 7 5 2 0 6
35 32 3 1 3 6 7 2 0 4 5
35 31 4 1 6 0 4 3 2 7 5
35 29 6 2 3 6 1 5 7 0 4
35 30 5 3 0 6 4 1 2 7 5
35 29 6 5 3 6 1 4 2 7 0
36 32 4 0 1 3 4 5 2 6 7
36 31 5 0 1 6 4 3 2 7 5
36 31 5 0 3 6 7 1 5 2 4
36 31 5 0 3 6 7 5 2 4 1
36 31 5 0 3 7 1 5 2 6 4
36 30 6 1 0 7 6 3 2 4 5
36 35 1 1 2 3 4 5 6 0 7
36 34 2 1 2 3 7 5 6 0 4
36 33 3 1 3 4 7 5 2 6 0
36 32 4 1 3 6 7 4 5 2 0
36 33 3 1 3 7 6 2 4 0 5
36 33 3 3 2 6 4 5 0 7 1
36 30 6 5 0 6 1 3 2 7 4
37 32 5 0 3 6 7 1 2 4 5
37 33 4 1 0 3 7 5 2 4 6
37 37 0 1 2 3 4 5 6 7 0
