8 0 8 1 0 3 6 5 2 7 4
18 9 9 1 3 0 6 5 2 7 4
28 19 9 1 3 6 0 5 2 7 4
37 29 8 1 3 6 4 5 2 7 0
39 30 9 0 3 6 1 5 2 7 4
42 34 8 1 3 6 5 0 2 7 4
47 38 9 1 3 6 4 5 2 0 7
49 39 10 1 3 6 4 0 2 7 5
50 43 7 1 3 6 5 2 0 7 4
50 40 10 3 0 6 1 5 2 7 4
51 44 7 1 3 6 5 4 2 7 0
51 40 11 5 3 6 1 0 2 7 4
53 43 10 0 3 6 5 1 2 7 4
53 48 5 1 3 0 4 5 2 6 7
53 42 11 2 3 6 1 5 0 7 4
55 43 12 0 3 6 4 5 2 7 1
56 45 11 4 3 6 1 5 2 7 0
57 51 6 1 3 6 5 2 7 0 4
58 54 4 1 0 3 4 5 2 6 7
58 48 10 1 3 6 4 5 0 2 7
59 50 9 0 3 6 4 1 2 7 5
60 51 9 1 0 6 5 2 3 7 4
60 52 8 1 3 6 5 4 2 0 7
61 50 11 1 3 6 4 2 0 7 5
61 51 10 3 2 6 1 5 0 7 4
62 51 11 3 6 0 1 5 2 7 4
62 52 10 5 3 6 1 2 0 7 4
63 58 5 1 3 6 5 2 7 4 0
63 54 9 2 0 6 1 5 3 7 4
63 53 10 5 3 6 1 4 2 7 0
64 59 5 1 2 3 4 5 0 6 7
64 55 9 1 3 6 0 4 2 7 5
64 54 10 2 3 6 1 5 7 0 4
65 58 7 1 3 0 5 2 7 6 4
65 54 11 3 0 6 5 1 2 7 4
67 61 6 1 3 0 5 4 2 6 7
68 56 12 2 3 6 5 1 0 7 4
69 61 8 0 1 6 5 2 3 7 4
69 59 10 1 0 6 4 5 3 2 7
69 59 10 1 3 6 4 0 5 2 7
69 56 13 3 0 6 4 5 2 7 1
69 57 12 4 3 6 1 5 2 0 7
69 57 12 5 3 6 0 1 2 7 4
70 57 13 0 3 6 5 4 2 7 1
70 62 8 1 0 6 4 2 3 7 5
70 61 9 1 3 6 5 4 0 2 7
70 60 10 3 0 6 4 1 2 7 5
71 65 6 1 2 3 4 5 6 0 7
71 61 10 1 6 0 5 2 3 7 4
71 58 13 2 3 6 4 5 0 7 1
71 62 9 3 2 6 1 5 7 0 4
71 58 13 4 3 6 1 0 2 7 5
71 59 12 4 3 6 5 1 2 7 0
72 64 8 0 2 6 1 5 3 7 4
72 66 6 1 3 5 0 2 7 6 4
72 63 9 3 6 7 1 5 2 0 4
72 57 15 4 3 6 0 5 2 7 1
72 63 9 5 3 6 1 2 7 0 4
72 56 16 5 3 6 4 0 2 7 1
73 66 7 1 0 3 5 2 7 6 4
73 68 5 1 0 3 5 4 2 6 7
73 64 9 1 3 6 0 2 7 4 5
73 62 11 1 3 6 4 2 7 0 5
73 65 8 1 3 6 5 0 7 4 2
73 65 8 2 3 0 1 5 7 6 4
73 62 11 3 2 6 1 0 5 7 4
73 61 12 4 3 6 0 1 2 7 5
73 63 10 5 0 6 1 2 3 7 4
74 65 9 2 3 6 1 5 7 4 0
74 62 12 2 3 6 4 1 0 7 5
74 64 10 2 6 0 1 5 3 7 4
75 68 7 1 3 5 0 4 2 6 7
75 64 11 5 3 6 1 4 2 0 7
76 73 3 1 3 5 4 2 7 6 0
76 65 11 5 3 6 4 1 2 7 0
77 69 8 0 3 6 1 4 2 7 5
77 76 1 1 3 5 7 4 2 6 0
77 66 11 3 2 6 5 1 0 7 4
78 74 4 0 1 3 5 4 2 6 7
78 71 7 0 1 6 4 2 3 7 5
78 72 6 1 2 3 4 5 6 7 0
